1089.97 131.83
1088.31 158.233
1086.28 184.264
1084.7 210.097
1082.85 236.245
1080.93 262.11
1079.3 287.215
1078.25 312.71
1076.08 337.54
1066.16 130.942
1064.63 157.563
1062.82 183.657
1061.2 209.537
1059.41 235.817
1057.82 261.359
1056.39 287.184
1054.76 312.264
1053.22 337.648
1042.48 129.616
1040.81 156.534
1039.17 182.66
1037.79 208.825
1036.22 235.179
1035.04 261.047
1033.34 286.425
1031.79 311.951
1030.29 337.258
1018.59 128.762
1017.01 155.383
1016.09 182.028
1014.47 208.443
1012.83 234.577
1011.39 260.311
1010.16 286.078
1008.87 311.475
1007.3 336.998
994.433 127.67
993.204 154.52
991.634 180.878
990.481 207.151
989.183 233.692
987.816 259.543
986.422 285.586
985.13 311.176
983.676 336.671
970.147 126.624
968.387 153.48
967.596 179.89
966.508 206.521
965.136 232.788
964.361 259.194
962.94 285.188
961.637 310.749
960.109 336.51
