1030.05 346.416
997.457 347.575
965.56 348.744
934.243 349.873
903.466 351.101
873.076 352.265
843.602 353.458
814.374 354.597
785.845 355.644
1029.98 314.685
997.633 316.494
965.506 317.804
934.284 319.379
903.241 320.749
873.029 322.262
843.201 323.751
814.23 325.054
785.323 326.466
1030.35 283.297
997.497 285.237
965.554 287.027
933.899 288.761
903.179 290.657
872.705 292.332
842.968 293.964
813.645 295.745
785.078 297.456
1030.41 251.683
997.65 253.908
965.406 255.991
933.961 258.055
902.901 260.34
872.508 262.254
842.525 264.22
813.411 266.227
784.629 268.29
1030.45 220.177
997.641 222.634
965.267 225.119
933.791 227.472
902.817 229.851
872.295 232.246
842.415 234.535
813.179 236.852
784.458 239.046
1030.6 187.835
997.661 190.917
965.174 193.572
933.684 196.461
902.485 199.259
872.126 201.769
842.031 204.572
812.751 207.106
783.898 209.784
