513.548 357.799
469.889 358.846
425.623 359.537
381.075 360.592
335.551 361.491
289.575 362.542
243.338 363.528
196.362 364.684
148.89 365.637
512.178 313.928
468.553 314.649
423.887 315.176
379.355 315.661
333.567 316.416
287.721 317.14
241.141 317.743
194.044 318.586
145.958 319.298
510.885 270.151
467.084 270.439
422.604 270.732
377.53 271.008
331.847 271.38
285.676 271.644
239.102 271.91
191.624 272.435
143.58 272.905
509.497 226.124
465.515 226.04
421.151 225.916
375.827 225.791
330.242 225.962
283.768 225.91
237.059 225.894
189.391 225.921
141.095 225.985
508.038 182.252
464.279 181.715
419.439 181.416
374.508 180.998
328.595 180.533
282.075 180.193
235.077 179.746
187.299 179.607
138.476 179
506.986 137.886
462.886 137.401
418.11 136.292
372.942 135.531
327.024 134.981
280.063 133.918
233.038 133.519
184.769 132.394
135.639 131.428
