813.365 159.569
858.608 154.473
904.416 149.402
950.721 144.219
997.953 138.957
1045.94 133.436
1094.61 127.8
1144.51 121.635
1195.88 115.066
816.84 205.109
861.605 200.29
907.193 195.655
952.899 190.891
999.859 185.984
1047.02 181.138
1095.48 175.848
1144.39 170.489
1195.23 164.542
820.209 249.616
864.639 245.372
909.737 241.035
955.372 236.681
1001.54 232.214
1048.53 227.608
1096.3 223.003
1144.81 217.962
1194.47 212.812
823.298 293.832
867.585 289.828
912.343 285.766
957.594 281.818
1003.26 277.62
1049.8 273.614
1096.94 269.385
1144.95 264.966
1193.97 260.127
826.553 337.495
870.238 333.731
914.882 330.057
959.525 326.531
1005.03 322.703
1050.95 318.967
1097.61 315.056
1144.99 310.975
1193.44 306.694
829.333 380.771
872.945 377.232
917.021 373.789
961.591 370.503
1006.59 367.057
1052.37 363.458
1098.33 359.704
1145.34 356.213
1193.12 352.367
