623.833 170.46
662.266 160.565
701.384 150.601
741.253 140.659
781.88 130.442
823.39 120.009
865.578 109.573
908.466 98.8531
952.362 87.8936
633.098 210.399
671.199 200.97
710.256 191.603
749.671 181.991
790.424 172.303
831.487 162.502
873.663 152.483
916.025 142.396
959.831 131.951
641.885 249.629
680.001 240.698
718.763 231.75
758.255 222.699
798.604 213.476
839.569 204.139
881.295 194.639
923.698 185.006
966.881 175.222
650.662 288.651
688.682 280.2
727.312 271.661
766.581 263.036
806.635 254.243
847.469 245.353
888.864 236.425
931.063 227.248
973.863 217.918
659.609 327.109
697.159 319.143
735.763 310.948
774.683 302.85
814.693 294.459
855.089 286.117
896.292 277.574
938.245 268.823
980.653 260.147
668 365.374
705.609 357.651
743.757 350.181
782.764 342.323
822.357 334.345
862.762 326.372
903.557 318.209
945.277 310.012
987.518 301.567
