976.15 299.469
942.408 300.419
909.439 301.348
877.133 302.15
845.546 303.168
814.556 303.877
784.455 304.922
754.855 305.712
725.967 306.734
976.311 265.608
942.475 267.234
909.206 268.368
876.875 269.665
844.959 271.023
814.075 272.191
783.531 273.484
754.074 274.828
724.775 275.924
976.436 231.904
942.398 233.636
909.034 235.429
876.377 237.187
844.557 238.783
813.245 240.358
782.673 241.906
752.777 243.623
723.711 245.327
976.67 197.586
942.397 199.8
908.795 201.896
876.019 204.009
844.025 206.11
812.562 208.103
781.822 210.111
751.84 212.141
722.61 214.131
976.662 163.232
942.499 165.662
908.481 168.334
875.705 170.78
843.331 173.313
811.95 175.613
781.024 178.082
750.969 180.496
721.575 182.926
976.999 127.847
942.356 131.179
908.37 133.992
875.09 137.092
842.764 139.932
810.987 142.824
780.299 145.644
749.983 148.457
720.409 151.285
