589.7 318.591
616.622 292.073
644.338 264.7
672.688 236.912
701.574 208.419
731.135 178.991
761.618 149.322
792.76 118.962
824.403 87.5824
616.108 347.524
643.176 320.992
671.378 294.256
699.609 266.604
729.294 238.509
759.134 209.602
789.983 180.086
821.299 150.27
853.569 119.117
642.001 375.993
669.794 350.044
697.966 323.614
726.853 296.491
756.701 268.598
787.016 240.166
818.052 210.987
849.767 181.279
882.344 150.828
668.243 404.926
696.276 379.374
724.906 353.106
754.074 326.224
784.131 298.702
814.845 270.723
846.18 242.014
878.229 212.616
911.145 182.599
694.423 433.626
722.624 408.517
751.601 382.498
781.295 356.281
811.494 329.045
842.553 301.402
874.315 273.138
906.705 244.121
939.762 214.483
720.58 462.612
749.103 437.62
778.366 412.393
808.292 386.224
838.883 359.504
870.291 332.114
902.297 304.224
934.969 275.567
968.536 246.306
