1006.86 311.284
973.895 314.134
941.553 317.102
909.647 319.766
878.232 322.69
847.142 325.443
816.672 328.134
786.662 331.001
757.148 333.611
1005.01 279.046
972.075 282.277
939.45 285.322
907.558 288.502
875.902 291.446
844.869 294.534
814.256 297.542
784.284 300.552
754.444 303.449
1003.24 246.796
970.149 250.248
937.461 253.679
905.326 257.119
873.677 260.426
842.469 263.599
811.745 266.938
781.546 270.161
751.865 273.384
1001.5 214.052
968.198 217.931
935.374 221.611
903.146 225.336
871.37 229.005
840.108 232.481
809.234 235.929
778.915 239.52
749.154 243.095
999.53 181.367
966.327 185.408
933.15 189.489
900.988 193.362
868.979 197.34
837.689 201.187
806.688 204.923
776.448 208.725
746.52 212.465
997.88 148.029
964.285 152.561
931.106 156.831
898.636 161.122
866.649 165.394
835.097 169.521
804.25 173.622
773.696 177.668
743.716 181.695
