1027.3 291.199
1001.75 309.851
976.651 328.123
951.956 346.185
927.621 364.015
903.36 381.547
879.69 398.784
856.423 415.979
833.277 432.686
1008.75 267.623
983.579 286.347
958.651 304.741
934.273 322.859
910.051 340.759
886.141 358.398
862.692 375.908
839.543 392.943
816.625 409.917
990.535 244.32
965.486 263.195
940.873 281.533
916.576 299.852
892.695 317.892
869.073 335.689
845.766 353.027
822.741 370.314
800.176 387.336
972.246 221.205
947.595 240.195
923.262 258.806
899.236 277.026
875.487 295.251
851.997 312.907
828.911 330.482
806.242 347.823
783.753 364.954
954.22 198.556
929.801 217.428
905.525 236.222
881.908 254.414
858.34 272.626
835.247 290.464
812.292 308.247
789.848 325.577
767.53 342.71
936.267 175.722
911.926 194.708
887.974 213.447
864.705 231.934
841.308 250.237
818.468 268.268
795.733 286.06
773.438 303.45
751.367 320.686
