410.592 130.448
431.41 170.752
451.767 210.24
471.686 248.668
491.158 286.5
510.23 323.517
528.69 359.604
546.964 394.764
564.679 429.304
372.235 149.837
393.783 190.237
414.639 229.978
435.173 268.459
455.311 306.537
474.877 343.504
494.21 379.836
512.895 415.021
531.311 449.779
333.437 169.442
355.508 210.217
377.132 249.908
398.318 288.748
418.934 326.754
439.233 364.067
459.167 400.361
478.588 435.776
497.457 470.384
293.635 189.569
316.491 230.52
338.744 270.509
360.7 309.422
381.928 347.595
402.848 384.884
423.453 421.338
443.47 456.812
462.951 491.503
253.234 210.397
276.705 251.257
299.867 291.497
322.285 330.511
344.378 368.812
365.862 406.182
386.9 442.608
407.559 478.225
427.734 512.857
211.797 231.316
236.335 272.619
260.188 312.868
283.372 352.151
306.091 390.452
328.39 427.953
350.022 464.438
371.39 500.057
392.201 534.756
