1099.72 270.617
1062.85 293.035
1026.76 315.009
991.124 336.77
955.89 358.25
920.933 379.457
886.458 400.432
852.395 421.307
818.664 441.727
1077.57 236.054
1041.22 258.578
1005.05 280.766
969.752 302.648
934.455 324.393
899.832 345.679
865.447 366.976
831.616 387.773
797.859 408.573
1055.75 201.656
1019.43 224.445
983.618 246.711
948.281 268.748
913.377 290.662
878.713 312.264
844.585 333.528
810.789 354.645
777.381 375.598
1033.88 167.233
997.701 190.287
961.973 212.813
926.906 234.945
892.049 257.031
857.625 278.716
823.613 300.266
790.029 321.478
756.747 342.605
1011.78 133.241
975.97 156.254
940.297 179.015
905.461 201.34
870.775 223.604
836.591 245.425
802.703 267.052
769.32 288.566
736.242 309.714
990.001 98.8566
954.156 122.385
918.814 145.225
883.986 167.789
849.5 190.16
815.471 212.189
781.749 234.153
748.538 255.629
715.652 277.107
