1011.96 311.675
971.035 312.728
930.96 313.528
891.427 314.478
852.536 315.375
814.097 316.212
776.459 317.252
739.288 318.18
702.828 319.247
1012.57 271.455
971.591 273.024
931.07 274.013
891.492 275.426
852.244 276.635
813.794 277.734
775.752 279.269
738.698 280.461
701.98 281.629
1013.23 231.305
971.918 233.062
931.315 234.545
891.358 235.995
852.146 237.653
813.286 239.371
775.222 240.961
737.799 242.601
701.11 244.218
1014.04 190.286
972.413 192.456
931.448 194.491
891.299 196.408
851.834 198.467
812.809 200.368
774.651 202.285
737.052 204.289
700.337 206.437
1014.47 149.247
972.835 151.625
931.524 154.081
891.364 156.447
851.445 158.928
812.523 161.277
774.212 163.51
736.444 165.869
699.44 168.229
1015.41 107.271
973.161 110.344
931.771 113.192
891.151 115.908
851.22 118.918
812.037 121.513
773.461 124.405
735.586 127.151
698.526 129.845
