303.631 383.598
280.538 382.048
257.253 380.726
233.503 379.347
209.392 377.867
184.858 376.37
160.06 374.844
134.868 373.398
109.317 371.743
304.199 360.928
281.258 359.467
257.741 357.796
233.993 356.131
209.884 354.536
185.412 352.868
160.564 351.268
135.395 349.512
109.679 347.705
305.055 338.422
281.738 336.693
258.414 334.903
234.629 333.221
210.501 331.464
185.922 329.544
161.183 327.632
135.801 325.714
110.076 323.749
305.615 315.817
282.425 314.01
259.152 312.033
235.329 310.046
211.182 308.189
186.551 306.043
161.663 303.976
136.333 301.835
110.569 299.712
306.278 293.325
283.235 291.265
259.683 289.121
235.867 286.91
211.744 284.768
187.247 282.616
162.164 280.256
136.973 278.036
111.094 275.604
307.176 270.644
283.764 268.424
260.443 266.048
236.537 263.816
212.414 261.538
187.727 258.988
162.885 256.647
137.357 254.016
111.518 251.506
