139.997 362.649
141.187 338.285
141.897 313.487
142.897 288.414
143.768 263.405
144.493 237.82
145.446 211.808
146.802 186.025
147.34 159.451
166.353 364.383
167.242 340.461
168.443 315.743
169.339 291.086
170.522 266.123
171.678 240.976
172.783 215.35
173.82 189.68
175.006 163.521
191.421 366.299
192.702 342.506
193.567 318.256
195.192 293.552
196.277 269.011
197.872 244.013
198.993 218.695
200.129 193.394
201.524 167.631
216.474 368.009
217.747 344.569
219.633 320.477
220.641 296.233
222.071 271.721
223.504 247.003
224.969 221.995
226.482 196.957
227.82 171.439
241.053 369.771
242.448 346.38
243.895 322.577
245.554 298.453
247.055 274.453
248.574 249.888
250.149 225.29
251.814 200.487
253.416 175.219
265.189 371.567
266.392 348.166
268.221 324.488
270.076 300.988
271.754 276.996
273.726 252.973
275.397 228.651
276.978 203.785
278.466 178.949
