207.96 348.088
196.717 326.27
184.934 304.179
173.196 281.52
161.13 258.78
148.672 235.484
136.113 211.594
123.37 187.215
109.925 162.539
229.8 337.765
218.598 316.176
207.331 294.029
195.787 271.602
184.076 248.881
172.099 225.493
159.766 201.919
147.31 177.749
134.375 153.16
251.051 327.732
240.261 306.09
229.099 284.343
218.004 261.733
206.503 239.264
194.904 215.857
182.951 192.377
170.631 168.438
158.229 143.957
272.263 317.771
261.736 296.416
251.118 274.28
240.066 252.134
228.844 229.504
217.446 206.491
205.803 183.054
194.092 159.147
181.716 134.82
293.05 307.946
282.767 286.627
272.256 264.737
261.567 242.457
250.707 220.101
239.601 197.144
228.359 173.828
216.722 150.24
204.94 125.884
313.847 298.379
303.538 276.977
293.358 255.229
283.122 233.138
272.461 210.782
261.797 187.918
250.724 164.78
239.449 141.096
227.718 117.289
