110.861 278.706
125.848 258.89
140.52 238.707
155.45 218.768
169.862 198.845
184.622 178.898
199.376 159.111
214.306 139.623
228.747 119.641
133.761 294.117
148.063 274.372
162.884 254.638
177.171 234.631
191.94 215.179
206.382 195.498
221.035 175.946
235.43 156.323
249.997 136.922
155.192 308.801
169.643 289.493
183.745 269.734
198.543 250.28
212.562 230.696
227.354 211.595
241.67 191.926
255.778 172.659
270.239 153.483
176.648 323.493
190.636 304.183
205.216 285.165
219.254 265.533
233.575 246.435
247.686 227.047
261.846 207.754
276.228 188.84
290.182 169.628
197.337 337.622
211.3 318.565
225.345 299.434
239.57 280.293
253.462 261.271
267.645 242.252
281.6 223.381
295.634 204.519
309.542 185.456
217.67 351.616
231.341 332.428
245.423 313.553
259.362 294.81
273.254 275.998
287.136 257.297
300.977 238.735
314.935 219.771
328.453 201.017
