695.681 403.317
672.981 402.675
650.333 402.039
627.546 401.38
604.799 400.769
581.933 400.145
559.269 399.503
536.475 399.043
513.842 398.355
696.14 380.586
673.471 380.022
650.732 379.314
628.126 378.674
605.309 378.05
582.552 377.352
559.815 376.865
537.037 376.227
514.416 375.637
696.63 358.055
673.918 357.37
651.37 356.659
628.474 356.001
605.924 355.401
583.057 354.826
560.475 354.1
537.652 353.448
515.003 352.929
697.024 335.41
674.484 334.795
651.743 334.125
629.202 333.42
606.389 332.882
583.738 332.101
560.905 331.475
538.363 330.904
515.588 330.358
697.569 312.995
674.844 312.261
652.31 311.584
629.694 310.892
607.005 310.238
584.364 309.601
561.6 308.896
539.007 308.436
516.343 307.715
698.062 290.412
675.429 289.693
652.826 288.937
630.282 288.368
607.552 287.679
584.957 287.016
562.229 286.518
539.61 285.728
516.877 285.165
