661.56 208.769
660.814 232.599
659.649 256.35
658.724 279.659
657.834 303.043
656.643 326.65
655.731 349.954
655.189 372.649
654.003 395.646
638.071 207.761
637.194 231.582
636.358 255.514
635.459 278.836
634.45 302.635
633.589 325.738
632.803 349.219
631.971 372.113
631.113 395.049
614.564 206.728
613.799 230.67
612.603 254.368
612.131 278.127
611.256 301.812
610.735 325.189
609.726 348.393
608.802 371.351
608.129 394.418
590.911 205.743
590.28 229.728
589.795 253.574
588.821 277.377
588.203 301.028
587.285 324.464
586.566 347.526
586.076 370.662
585.216 393.612
567.295 204.883
566.703 228.79
566.008 252.802
565.383 276.305
564.609 300.108
564.063 323.464
563.299 346.786
562.772 370.05
562.14 392.848
543.567 203.875
542.707 228.123
542.26 251.951
541.809 275.637
541.258 298.977
540.925 322.749
540.406 346.066
539.67 369.263
538.943 392.272
