577.907 237.483
591.088 258.617
604.107 280.005
616.943 300.825
629.835 321.987
642.596 342.833
655.393 363.642
667.938 383.895
680.378 404.395
556.884 250.689
570.132 272.061
583.262 293.043
596.284 314.079
609.14 334.948
621.896 355.681
634.716 376.26
647.33 396.665
659.829 416.854
536.294 264.005
549.509 285.079
562.517 306.237
575.578 326.946
588.543 347.882
601.566 368.397
614.266 388.952
626.818 409.287
639.467 429.446
515.561 277.197
528.905 298.274
542.104 319.122
555.153 339.969
568.194 360.534
581.076 381.204
593.746 401.469
606.621 421.65
619.132 441.69
495.157 290.381
508.376 311.368
521.604 332.155
534.653 352.671
547.708 373.344
560.633 393.707
573.441 414.021
586.304 434.105
598.868 454.036
474.643 303.478
488.045 324.483
501.247 345.021
514.431 365.666
527.407 385.769
540.61 406.353
553.445 426.349
566.241 446.529
578.746 466.246
