689.783 317.465
674.763 336.857
659.694 355.874
644.832 375.042
630.004 393.866
615.036 413.009
600.405 431.859
585.926 450.536
571.355 469.06
670.686 302.407
655.69 321.765
640.634 341.18
625.752 360.213
610.747 379.471
595.999 398.445
581.288 417.586
566.657 436.338
552.248 455.031
651.768 287.124
636.61 306.786
621.414 325.921
606.553 345.555
591.53 364.767
576.877 384.235
562.141 403.12
547.433 422.102
532.96 440.965
632.386 271.88
617.275 291.487
602.389 311.337
587.276 330.624
572.372 350.226
557.389 369.413
542.598 388.58
528.198 407.718
513.603 426.667
612.954 256.408
597.875 276.24
582.65 295.954
567.792 315.463
552.68 335.058
537.964 354.539
523.15 373.882
508.496 393.183
494.002 412.114
593.254 240.796
577.826 260.637
562.836 280.581
547.926 300.357
533.18 319.866
518.249 339.676
503.589 359.206
488.758 378.538
474.168 397.681
