33.219 439.965
51.2775 440.422
69.2446 440.731
86.9321 441.215
104.482 441.449
122.046 441.846
139.626 442.228
156.985 442.532
174.133 442.903
32.8653 457.141
51.0862 457.389
68.7915 457.724
86.7426 458.04
104.218 458.476
121.959 458.734
139.361 459.073
156.724 459.358
173.826 459.585
32.5153 473.891
50.5159 474.307
68.5292 474.514
86.1614 474.884
103.968 475.157
121.573 475.439
139.174 475.658
156.217 476.031
173.672 476.394
32.1219 491.038
50.3123 491.222
68.1685 491.52
86.0231 491.755
103.661 492.118
121.438 492.302
138.586 492.483
156.067 492.78
173.427 493.048
32.0598 507.981
50.0558 508.231
68.015 508.444
85.8035 508.676
103.565 508.93
121.196 509.127
138.502 509.354
155.792 509.527
173.32 509.676
31.6367 525.02
49.8928 525.149
67.6626 525.318
85.5761 525.547
103.261 525.695
120.862 525.906
138.081 526.237
155.678 526.338
172.844 526.43
