351.05 330.108
412.28 328.849
473.196 327.718
534.175 326.618
594.82 325.765
655.334 325.044
714.899 324.528
773.963 323.948
832.291 323.659
353.295 391.431
414.169 389.899
474.989 388.729
535.679 387.559
596.412 386.492
656.376 385.585
716.193 384.647
774.914 383.952
833.434 383.245
355.322 452.21
416.219 450.801
476.702 449.501
537.368 448.239
597.632 446.914
657.715 445.769
717.224 444.648
776.018 443.594
833.941 442.537
357.668 512.869
418.204 511.35
478.689 509.902
538.98 508.487
599.086 507.037
658.86 505.726
718.241 504.394
776.804 503.006
834.607 501.582
360.421 572.884
420.52 571.439
480.684 569.848
540.66 568.361
600.465 566.744
659.999 565.132
719.029 563.571
777.376 561.805
834.911 560.24
362.888 632.549
422.835 630.826
482.723 629.371
542.407 627.702
601.98 625.885
661.26 624.201
719.789 622.178
777.917 620.402
835.251 618.314
