666.758 899.372
618.526 858.952
569.712 817.856
520.41 775.785
470.213 733.359
419.502 690.365
369.056 646.229
318.368 602.042
267.337 557.692
710.48 853.37
662.443 812.679
613.515 770.689
564.114 728.557
513.725 685.145
463.242 641.434
412.144 597.032
361.228 552.504
309.945 507.542
754.79 807.357
706.64 765.722
657.897 723.422
608.249 680.548
558.044 636.468
507.233 592.028
456.068 547.361
404.633 502.372
353.508 456.779
799.65 760.316
751.568 717.897
702.751 675.067
653.352 631.511
602.907 586.958
552.002 542.089
500.699 496.886
449.352 451.255
397.745 405.404
844.678 712.089
796.949 669.443
748.149 625.91
698.736 581.686
648.488 536.783
597.559 491.345
546.297 445.534
494.615 399.597
442.968 353.367
890.292 663.628
842.579 620.374
794.213 576.323
744.719 531.599
694.485 486.112
643.533 440.21
592.214 393.985
540.523 347.58
488.572 301.061
