657.502 808.609
607.487 759.435
559 711.254
511.993 664.345
466.304 618.703
422.081 574.347
379.647 531.276
338.296 489.869
299.144 449.844
705.627 757.379
655.575 709.346
607.013 662.576
559.731 616.954
513.943 572.578
469.671 529.453
426.835 487.698
385.644 447.528
345.623 408.49
752.412 707.031
702.464 660.56
653.772 614.94
606.521 570.526
560.62 527.509
515.94 485.582
473.007 444.797
431.591 405.521
391.39 367.93
797.957 657.932
748.029 612.701
699.449 568.518
652.201 525.094
606.082 483.558
561.483 442.77
518.249 403.261
476.615 365.304
436.21 328.661
841.91 610.354
792.414 566.348
743.738 523.242
696.627 481.438
650.54 440.75
605.824 401.303
562.594 363.075
520.701 326.307
480.136 290.577
884.77 563.831
835.056 521.212
786.913 479.037
739.719 438.402
693.696 399.046
648.981 360.545
605.572 323.919
563.627 287.734
522.884 253.319
