640.947 774.247
596.536 738.622
550.422 701.553
502.863 662.745
453.288 622.841
401.948 581.084
349.938 537.724
295.995 493.432
240.663 447.465
685.36 737.561
641.037 700.764
594.878 662.006
547.289 622.279
497.458 580.379
446.485 537.241
393.332 492.325
339.319 446.474
283.047 398.619
731.401 700.14
687.028 661.698
641.305 621.682
593.157 580.284
543.665 536.657
492.097 491.965
438.901 445.676
384.026 397.663
328.076 348.247
778.965 661.038
734.952 620.786
688.953 579.598
641.109 536.522
591.429 491.361
539.899 444.895
486.365 396.68
431.214 347.303
374.751 295.685
827.981 619.824
784.304 578.663
738.515 535.593
690.977 490.683
641.33 444.13
589.664 395.692
536.25 345.782
480.953 294.195
424.044 241.073
878.693 577.752
835.37 534.725
790.045 490.181
742.456 443.864
693.017 395.342
641.279 345.347
587.806 293.277
532.379 239.951
475.172 184.357
