591.563 830.047
572.792 769.64
554.599 711.179
536.99 654.213
519.949 599.326
503.13 545.724
488.179 494.434
473.047 444.704
458.596 397.09
638.842 811.404
618.682 749.374
599.328 689.361
580.458 631.247
562.235 574.785
544.758 520.457
527.766 467.934
511.659 417.576
496.089 368.857
688.913 791.338
667.555 727.7
646.72 666.248
626.001 606.635
607.139 549.083
588.041 493.427
569.609 440.072
551.836 388.62
535.725 339.43
742.309 769.909
719.545 704.577
697.109 641.452
675.024 580.621
654.387 521.71
634.088 465.078
613.95 410.52
595.276 358.471
577.425 308.322
799.973 746.625
774.932 679.769
750.775 615.17
727.337 552.746
704.788 492.731
682.754 434.925
661.851 379.563
641.465 326.577
622.163 275.708
860.706 721.889
834.172 653.189
807.59 586.88
782.402 523.252
757.89 461.817
734.195 402.972
711.776 346.684
689.635 292.769
668.523 241.318
