535.471 858.644
508.102 807.643
480.394 755.082
452.353 700.87
423.295 645.495
393.81 588.496
363.723 530.336
333.493 471.008
302.905 410.651
583.941 822.854
558.138 772.734
531.582 720.872
504.662 668.112
476.876 613.387
448.933 557.72
420.168 500.539
391.38 442.693
361.971 383.455
630.24 789.153
605.246 739.714
580.196 688.854
554.632 636.694
528.001 583.142
501.057 528.552
474.082 472.567
446.697 415.629
418.254 358.068
674.531 756.683
650.557 707.939
626.407 658.206
602.263 606.732
576.544 554.41
551.022 500.681
525.359 445.875
498.806 390.388
471.867 333.898
715.928 725.52
693.647 677.74
670.528 628.593
647.191 578.393
623.036 526.855
598.535 474.373
573.608 420.824
548.207 366.506
522.542 311.329
756.267 695.802
734.418 648.824
713.102 600.432
690.394 551.102
667.319 500.729
643.891 449.14
619.516 397.034
595.577 343.694
571.026 289.721
