902.438 430.855
867.758 484.932
833.889 537.45
800.759 588.597
768.407 638.154
736.592 686.072
706.647 732.447
677.26 777.153
648.62 820.33
853.803 399.186
820.963 452.151
788.703 503.531
757.285 553.669
726.479 602.261
696.593 649.53
667.593 695.076
639.534 739.271
612.238 781.846
808.006 369.368
776.665 421.105
746.142 471.436
715.652 520.473
686.907 568.383
658.312 614.761
630.297 659.701
603.274 703.116
577.773 745.354
764.43 341.243
735.073 391.969
705.667 441.309
676.756 489.341
649.245 536.153
621.935 581.765
595.047 625.831
569.487 668.906
544.834 710.366
724.165 315.204
695.471 364.431
667.582 412.761
640.221 459.73
613.636 505.793
587.625 550.506
562.418 594.078
537.946 636.276
514.198 677.332
685.374 290.273
658.51 338.666
631.199 385.668
605.178 431.897
579.684 476.848
554.706 520.937
531.032 563.724
507.178 605.284
484.485 645.624
