320.864 335.916
389.722 339.855
453.026 343.401
511.404 346.724
565.327 350.136
615.415 353.219
661.142 356.34
703.725 358.975
743.306 361.725
324.585 412.956
392.75 413.552
456.349 414.192
514.055 414.718
568.282 415.349
617.687 415.931
663.877 416.532
706.145 417.122
746.044 417.785
328.234 489.801
396.468 487.043
459.507 484.533
517.772 482.338
571.001 480.202
620.709 478.425
666.868 476.643
709.335 475.019
748.395 473.623
332.5 566.553
400.289 560.495
463.083 555.123
521.108 549.954
573.974 545.275
623.55 540.85
669.568 536.757
711.801 533.072
750.893 529.484
336.492 642.958
404.2 633.713
466.585 625.199
523.969 617.329
576.939 609.937
626.187 603.049
671.587 596.725
713.711 590.715
752.832 585.227
341.068 718.723
408.286 706.084
470.65 694.748
527.638 684.328
580.176 674.2
629.389 665.03
674.061 656.288
716.477 648.34
755.256 640.662
