552.973 404.07
589.55 401.391
628.489 398.121
670.333 395.029
715.08 391.557
763.385 387.854
815.766 384.142
871.946 380.186
932.449 375.782
548.384 455.309
584.795 453.977
623.927 452.934
665.763 451.632
710.833 450.349
759.227 448.937
811.569 447.515
867.649 445.838
928.668 444.243
543.373 506.621
580.215 507.417
619.036 508.008
660.666 508.71
706.132 509.633
754.663 510.538
806.471 511.469
862.772 512.363
924.212 513.648
538.466 558.544
575.245 561.013
614.334 563.724
655.692 566.412
701.375 569.5
749.711 572.654
801.661 575.999
858.098 579.706
919.546 583.686
534.277 610.757
570.505 615.126
609.51 619.663
651.261 624.576
696.275 629.752
744.824 635.27
797.104 641.313
853.674 647.526
914.767 654.42
529.315 663.247
565.807 669.329
604.295 675.84
645.937 682.848
691.231 690.249
739.38 698.272
792.176 706.66
848.062 715.751
909.45 725.46
