784.972 308.455
784.119 374.441
783.177 439.75
782.233 504.35
780.953 568.139
779.569 631.056
778.227 692.393
776.756 752.659
775.419 811.606
719.014 308.533
718.556 374.29
717.947 439.667
717.31 503.896
716.58 567.8
715.758 630.158
714.994 691.818
714.089 751.677
713.277 811.009
653.348 308.596
653.174 374.317
652.911 439.294
652.658 503.724
652.593 567.084
652.283 629.64
652.009 691.085
651.777 751.196
651.531 809.72
587.833 308.848
588.2 374.295
588.317 439.191
588.58 503.423
588.802 566.478
589.012 628.889
589.209 690.104
589.56 750.023
590.031 808.581
523.112 309.485
523.49 374.519
524.181 439.128
524.651 502.889
525.422 565.806
526.248 627.908
526.993 688.764
528.048 748.529
528.844 806.882
458.714 309.874
459.825 374.748
460.468 439.011
461.606 502.626
462.791 565.271
463.939 627.181
465.428 687.523
466.695 747.109
468.278 805.403
