765.703 347.236
769.908 393.439
774.338 441.858
778.81 492.917
783.611 546.713
788.434 603.257
793.329 662.929
798.445 725.305
803.707 790.776
710.628 348.332
713.623 394.58
716.461 443.349
719.632 494.446
722.656 548.44
726.019 605.114
729.397 664.76
732.918 727.179
736.463 792.923
655.564 349.377
656.963 395.754
658.537 444.464
660.064 495.545
661.771 549.817
663.402 606.619
665.249 666.122
667.106 728.671
669.022 794.607
600.258 350.321
600.461 397.111
600.451 445.783
600.589 496.748
600.599 551.197
600.78 608.006
600.801 667.462
601.187 730.228
601.41 796.153
545.204 352.186
543.718 398.416
542.499 447.289
540.914 498.485
539.591 552.534
538.187 609.38
536.708 669.034
535.412 731.748
533.955 797.499
489.903 353.446
487.424 400.032
484.402 448.401
481.717 499.69
478.64 553.749
475.666 610.513
472.584 670.339
469.559 732.688
466.498 798.597
