830.213 220.649
828.122 308.938
826.207 392.091
824.031 470.076
821.577 543.141
819.675 612
817.229 675.828
814.767 735.849
812.776 791.921
739.165 224.007
740.04 311.508
740.862 394.655
741.507 471.907
741.851 545.307
742.095 613.264
742.363 677.535
742.378 736.888
742.477 793.466
648.824 227.253
652.639 314.611
656.369 397.025
659.506 474.492
662.607 546.844
665.127 615.132
667.823 678.984
670.488 738.715
672.587 794.216
559.243 231.009
565.807 317.705
571.704 399.805
577.581 476.676
583.458 548.612
588.875 616.536
593.748 680.197
598.269 739.507
603.129 794.967
470.673 234.909
479.998 321.213
488.896 402.386
497.331 478.661
505.495 550.181
513.214 617.575
520.532 680.554
527.654 739.662
534.13 795.032
383.696 239.41
396.031 324.768
407.092 405.653
417.53 480.922
428.766 551.867
438.217 618.959
448.077 681.274
456.973 740.268
465.935 795.253
