953.41 604.908
903.611 648.047
854.236 690.583
805.303 732.522
756.75 773.746
708.792 814.373
661.69 853.63
615.428 892.42
570.061 930.393
909.83 556.463
860.365 599.896
810.784 642.889
762.134 685.172
713.539 726.98
665.999 767.733
618.943 807.943
573.121 846.953
527.621 885.596
866.297 507.672
816.564 551.523
767.382 594.831
718.561 637.796
670.408 679.808
622.805 721.198
576.062 761.936
530.259 801.739
485.457 840.326
822.112 458.521
772.505 502.742
723.4 546.485
674.745 589.853
626.843 632.259
579.416 674.143
532.927 715.344
487.458 755.553
442.91 794.739
777.402 409.18
728.091 453.583
679.13 497.799
630.709 541.331
582.966 584.224
535.969 626.662
489.871 668.07
444.68 708.854
400.456 748.578
732.656 359.757
683.507 404.627
634.602 449.006
586.471 492.959
539.132 536.367
492.244 579.202
446.724 620.935
401.773 662.17
357.91 702.48
