958.197 530.926
913.325 565.409
866.611 600.806
818.076 637.486
767.635 675.474
715.409 714.373
661.131 755.064
605.484 796.411
547.91 838.763
913.91 491.324
869.43 524.164
823.211 557.883
775.201 592.933
725.444 629.053
673.756 666.332
620.627 704.606
565.679 743.93
509.328 784.404
871.8 453.422
827.704 484.878
781.955 517.133
734.602 550.193
685.324 584.959
634.638 620.537
582.142 656.631
528.357 693.854
472.793 732.853
831.667 417.388
787.925 447.636
742.762 478.494
695.82 509.662
647.567 543.12
597.421 576.851
546.125 611.139
493.291 647.13
438.928 683.958
793.25 383.909
750.184 412.337
705.413 441.727
659.386 472.013
611.597 503.449
562.553 535.758
511.885 568.885
460.313 603.153
406.852 637.919
756.858 351.419
714.209 378.905
669.995 406.539
624.428 435.529
577.678 465.667
529.267 496.398
479.909 528.717
428.553 560.799
376.79 594.371
