1028.79 487.311
965.673 530.057
904.893 571.292
846.282 610.854
789.678 648.747
735.238 685.291
682.98 719.271
633.001 752.122
585.373 783.431
986.953 433.495
923.553 478.233
861.883 521.473
803.041 562.743
745.737 602.622
691.263 640.336
638.801 676.718
589.001 711.001
540.899 743.994
943.551 377.339
879.119 424.109
817.131 469.384
757.615 513.183
700.216 554.435
645.162 594.292
592.848 632.582
542.893 668.928
495.238 702.838
897.447 318.322
832.366 367.376
769.688 414.747
709.927 460.65
652.315 503.917
597.352 545.939
544.865 586.009
494.964 624.036
447.654 659.879
848.396 256.056
782.97 307.876
720.208 357.722
660.015 405.506
602.447 451.324
547.419 495.275
495.195 537.055
445.463 576.967
398.401 614.739
797.122 191.653
731.28 245.986
668.153 298.551
607.871 348.625
550.354 396.781
495.43 442.932
443.365 486.507
394.062 528.539
347.384 568.372
