258.693 295.512
289.824 296.404
320.588 297.434
350.916 298.31
380.823 299.273
410.458 300.211
439.449 301.296
468.331 302.048
496.642 303.146
259.415 326.092
290.23 326.77
320.985 327.521
350.944 328.088
380.928 329.034
410.115 329.67
439.262 330.36
467.566 331.21
496.113 331.846
259.96 355.938
290.811 356.474
321.149 357.042
351.136 357.505
380.75 357.954
409.981 358.568
438.906 359.155
467.341 359.636
495.37 360.172
260.665 385.773
291.254 386.046
321.408 386.362
351.217 386.706
380.724 387.011
409.732 387.398
438.584 387.675
466.949 388.038
494.924 388.369
261.408 415.19
291.624 415.369
321.687 415.457
351.381 415.608
380.766 415.774
409.576 415.837
438.199 416.076
466.423 416.159
494.251 416.371
262.007 444.533
292.29 444.447
322.069 444.44
351.55 444.335
380.795 444.208
409.536 444.186
437.93 444.078
466.066 444.108
493.725 444.096
