516.849 428.391
488.167 427.321
459.167 426.212
429.781 425.166
400.151 424.013
370.091 423.006
339.714 421.868
309.242 420.742
278.212 419.689
517.38 399.391
488.888 398.218
459.749 396.951
430.59 395.696
400.803 394.376
370.894 393.177
340.475 391.898
309.829 390.648
278.851 389.281
518.194 370.872
489.496 369.425
460.631 367.883
431.279 366.469
401.508 365.124
371.486 363.581
341.218 362.085
310.617 360.661
279.514 359.272
519.062 341.945
490.337 340.469
461.386 338.832
432.018 337.205
402.396 335.611
372.334 333.857
341.975 332.211
311.316 330.574
280.327 329.001
519.536 313.459
491.188 311.609
462.096 309.736
432.971 307.839
403.146 306.049
373.238 304.283
342.816 302.441
312.178 300.703
281.164 298.813
520.608 284.645
491.875 282.693
463.094 280.577
433.616 278.607
404.057 276.669
374.004 274.574
343.66 272.648
313.024 270.555
281.888 268.557
