983.058 366.525
956.477 373.526
930.21 380.595
903.808 387.573
877.688 394.56
851.381 401.586
825.504 408.492
799.444 415.517
773.706 422.332
977.054 340.127
950.566 347.337
923.951 354.391
897.672 361.472
871.25 368.557
845.029 375.606
818.795 382.761
792.857 389.638
766.82 396.66
971.28 313.772
944.382 320.994
917.9 328.206
891.295 335.384
864.904 342.496
838.422 349.623
812.328 356.712
786.124 363.858
760.136 370.936
965.212 287.01
938.385 294.357
911.546 301.615
885.083 308.834
858.329 316.169
831.934 323.335
805.492 330.588
779.342 337.761
753.134 344.958
959.029 260.193
932.102 267.473
905.222 274.883
878.437 282.187
851.803 289.565
825.266 296.821
798.697 304.175
772.438 311.431
746.203 318.663
952.912 232.795
925.811 240.403
898.798 247.772
872.068 255.251
845.188 262.718
818.466 270.124
791.856 277.501
765.49 284.889
739.068 292.287
