1018.29 327.544
994.793 342.232
971.543 356.75
948.316 371.281
925.296 385.686
902.13 400.135
879.323 414.415
856.561 428.793
833.86 442.794
1004.41 304.382
981.107 319.115
957.635 333.829
934.502 348.422
911.369 363.027
888.243 377.442
865.354 392.014
842.569 406.195
819.779 420.518
990.83 281.317
967.173 296.195
943.905 310.876
920.57 325.643
897.444 340.296
874.296 354.919
851.475 369.341
828.52 383.827
805.792 398.17
976.87 257.99
953.371 272.939
929.888 287.868
906.703 302.599
883.341 317.46
860.283 332.035
837.272 346.706
814.466 361.232
791.561 375.706
962.842 234.691
939.249 249.636
915.753 264.671
892.416 279.516
869.222 294.425
846.068 309.117
823.02 323.86
800.155 338.475
777.373 352.993
948.7 210.93
925.125 226.237
901.573 241.18
878.311 256.233
854.961 271.226
831.839 286.112
808.708 300.921
785.802 315.636
762.922 330.306
