323.789 473.062
333.976 445.492
344.172 418.014
354.364 390.509
364.662 363.022
374.928 335.546
385.335 308.308
395.652 281.102
406.031 253.883
352.222 482.873
362.201 455.605
372.355 428.226
382.441 401.037
392.771 373.604
402.911 346.505
413.181 319.223
423.4 292.366
433.715 265.202
379.933 492.625
389.889 465.467
399.944 438.387
410.023 411.24
420.169 384.165
430.33 357.051
440.495 330.116
450.576 303.194
460.773 276.481
407.381 502.302
417.352 475.344
427.42 448.439
437.422 421.448
447.378 394.522
457.501 367.656
467.588 340.827
477.688 314.2
487.699 287.543
434.564 511.73
444.367 485.015
454.341 458.261
464.262 431.504
474.265 404.794
484.175 378.109
494.241 351.6
504.128 325.003
514.188 298.609
461.415 521.21
471.176 494.563
481.053 468.031
490.971 441.498
500.682 414.916
510.761 388.445
520.551 362.071
530.519 335.672
540.287 309.386
