351.453 485.55
351.979 456.852
352.735 427.992
353.347 398.916
354.095 369.667
354.808 340.187
355.515 310.686
356.508 281.066
357.294 251.237
381.033 485.936
381.531 457.531
382.304 428.794
383.071 399.975
383.819 370.811
384.831 341.657
385.519 312.201
386.565 282.995
387.432 253.219
409.666 486.437
410.49 458.133
411.226 429.632
412.135 400.997
413.12 372.062
414.016 343.083
415.085 313.818
415.941 284.661
417.082 255.331
438.35 486.958
439.217 458.828
440.192 430.519
441.164 401.939
441.984 373.336
443.138 344.49
444.202 315.565
445.312 286.478
446.364 257.364
466.653 487.333
467.468 459.464
468.615 431.326
469.527 403.092
470.741 374.536
471.666 345.877
473.041 317.27
474.008 288.382
475.269 259.488
494.616 487.849
495.446 460.118
496.732 432.187
497.85 404.063
498.931 375.767
500.297 347.408
501.326 318.896
502.717 290.152
503.758 261.457
