415.574 526.81
400.715 503.113
385.727 479.155
370.671 455.021
355.531 430.644
340.182 406.168
324.846 381.413
309.523 356.573
293.919 331.517
439.709 511.967
424.996 488.276
410.191 464.392
395.257 440.31
380.275 415.89
365.228 391.319
349.921 366.764
334.74 341.906
319.313 316.856
463.509 497.401
448.958 473.685
434.266 449.824
419.523 425.713
404.678 401.366
389.743 376.859
374.701 352.19
359.575 327.441
344.38 302.45
487.314 482.884
472.934 459.153
458.515 435.228
443.89 411.133
429.148 386.858
414.332 362.42
399.438 337.813
384.529 312.962
369.436 288.124
510.939 468.334
496.71 444.76
482.371 420.785
467.973 396.792
453.416 372.503
438.723 348.148
424.145 323.468
409.246 298.846
394.356 273.877
534.581 454.071
520.385 430.394
506.272 406.562
492.046 382.441
477.56 358.378
463.144 333.819
448.538 309.417
433.884 284.606
419.085 259.835
