437.939 518.342
418.851 497.885
399.423 477.136
379.878 456.124
360.075 434.79
339.985 413.294
319.688 391.422
299.316 369.373
278.478 347.056
458.51 498.899
439.546 478.398
420.475 457.681
401.076 436.619
381.557 415.32
361.725 393.618
341.67 371.93
321.504 349.799
301.005 327.502
478.725 479.837
460.044 459.344
441.16 438.567
422.057 417.503
402.647 396.183
383.151 374.507
363.39 352.642
343.389 330.665
323.173 308.301
498.894 460.911
480.415 440.374
461.892 419.529
442.943 398.421
423.785 377.15
404.502 355.481
384.979 333.649
365.265 311.545
345.224 289.321
518.797 442.162
500.57 421.617
482.202 400.727
463.579 379.681
444.668 358.307
425.595 336.776
406.336 314.813
386.808 292.852
367.105 270.49
538.7 423.602
520.597 402.965
502.522 382.246
484.161 360.985
465.493 339.835
446.616 318.072
427.56 296.366
408.295 274.19
388.751 252.002
