470.988 492.384
445.433 480.569
419.55 468.635
393.462 456.599
367.052 444.34
340.28 432.077
313.329 419.612
286.199 406.909
258.541 394.272
483.025 466.823
457.517 454.95
431.746 442.818
405.668 430.663
379.32 418.216
352.617 405.749
325.722 393.119
298.595 380.408
271.06 367.443
495.083 441.619
469.605 429.506
443.898 417.314
417.89 404.885
391.597 392.342
364.997 379.681
338.107 366.873
310.953 354.05
283.561 340.895
507.242 416.267
481.839 403.917
456.25 391.489
430.236 378.911
403.987 366.355
377.413 353.472
350.611 340.499
323.54 327.394
296.169 314.263
519.319 390.791
494.07 378.452
468.401 365.79
442.584 353.128
416.359 340.258
389.938 327.352
363.194 314.17
336.234 300.996
308.807 287.58
531.58 365.365
506.273 352.799
480.858 340.073
455.067 327.141
428.912 314.293
402.482 301.008
375.855 287.824
348.805 274.415
321.558 260.908
