821.214 249.238
846.805 260.795
872.161 272.722
897.452 284.345
922.686 296.088
947.715 307.919
972.562 319.605
997.336 330.713
1021.7 342.536
809.186 275.56
834.736 287.326
860.129 298.957
885.274 310.561
910.468 322.339
935.282 333.845
960.21 345.35
984.64 356.72
1009.23 368.207
797.38 301.791
822.775 313.33
848.03 325.05
873.237 336.428
898.317 348.027
923.261 359.324
947.856 370.916
972.349 382.295
996.706 393.558
785.514 327.81
810.95 339.3
836.225 350.56
861.308 362.195
886.137 373.543
911.07 385.035
935.567 396.265
960.077 407.51
984.246 418.615
773.744 353.679
799.019 364.906
824.202 376.483
849.137 387.627
873.996 399.169
898.759 410.263
923.241 421.585
947.653 432.655
971.754 443.772
762.018 379.33
787.282 390.792
812.359 402.024
837.338 413.189
861.877 424.229
886.905 435.425
911.195 446.363
935.521 457.609
959.579 468.598
