981.12 536.802
927.357 537.569
876.06 538.156
826.943 538.703
780.097 539.252
734.863 539.838
692.599 540.399
651.788 540.715
612.904 541.21
979.749 481.95
926.234 484.118
874.798 485.928
826.302 487.843
779.269 489.539
734.818 491.158
692.108 492.826
651.561 494.341
612.436 495.676
978.197 427.755
924.745 431.228
873.958 434.217
824.831 437.261
778.661 440.113
734.105 442.987
691.283 445.597
650.521 448.173
612.046 450.724
976.393 373.675
923.323 378.372
872.563 382.907
823.851 386.87
777.809 391.187
733.39 394.974
690.635 398.599
650.302 402.346
611.729 405.824
974.692 320.357
921.912 326.125
871.294 331.832
822.969 337.136
776.867 342.256
732.687 347.358
690.631 352.144
650.282 356.847
611.9 361.322
972.805 267.067
920.345 274.424
869.641 280.905
821.645 287.596
775.804 293.885
731.671 300.082
690.049 306.069
649.704 311.632
611.332 317.17
