972.078 449.395
915.411 452.903
858.888 456.141
802.525 459.45
746.297 462.587
690.221 465.688
634.595 469.465
579.484 472.776
525.041 475.992
962.298 402.558
907.037 405.95
852.019 409.398
797.09 412.702
742.37 415.936
687.725 419.35
633.534 422.771
579.819 426.116
526.653 429.526
952.968 357.783
899.15 361.641
845.508 364.873
791.963 367.791
738.575 371.74
685.378 375.153
632.549 378.054
580.231 381.413
528.293 385.336
943.93 315.477
891.496 319.413
839.246 322.73
786.974 325.521
734.991 329.595
683.139 332.954
631.672 335.839
580.603 339.462
530.037 343.381
935.18 275.881
884.147 279.335
833.081 282.625
782.328 285.948
731.565 289.487
681.071 293.038
630.832 296.509
581.169 300.191
531.74 303.836
926.974 237.6
877.186 241.468
827.33 244.086
777.732 247.586
728.316 251.37
678.931 254.531
630.089 258.846
581.446 261.879
533.405 265.73
