961.864 504.038
910.06 510.257
856.24 516.68
800.002 523.532
741.311 530.463
680.178 537.749
616.114 545.32
549.829 552.929
481.37 561.138
956.507 443.294
904.724 448.378
850.457 453.567
794.344 458.971
735.016 464.725
673.743 470.536
609.578 476.876
543.374 483.251
474.096 490.046
951.934 382.582
899.319 386.384
845.024 390.343
788.682 394.429
729.126 398.828
667.388 403.382
603.462 408.222
536.85 413.48
467.51 418.887
946.599 321.593
893.954 324.258
839.254 326.917
782.82 329.564
722.968 332.847
661.172 336.055
597.152 339.509
530.291 343.39
460.723 347.582
940.436 260.775
887.923 262.109
833.312 263.574
776.359 265.223
716.79 266.98
654.797 268.992
590.449 271.233
523.378 273.733
454.041 276.551
934.972 199.866
882.106 200.339
827.524 200.297
770.532 200.474
710.684 201.269
648.789 201.683
583.93 203.014
517.247 203.82
447.62 205.561
