296.584 137.31
337.459 137.748
378.22 138.397
418.837 138.979
459.281 139.48
499.64 140.188
539.784 141.134
579.621 141.672
619.374 142.708
297.323 178.501
338.201 178.891
378.746 179.334
419.206 179.664
459.533 180.283
499.821 180.843
539.971 181.395
579.536 182.107
619.403 182.955
298.235 219.351
338.789 219.626
379.221 219.94
419.499 220.295
459.831 220.796
500.03 221.218
539.952 221.584
579.642 222.154
619.269 222.943
298.841 259.998
339.407 260.322
379.712 260.564
419.916 260.759
460.148 261.169
500.19 261.44
540.032 261.731
579.622 262.261
619.14 262.776
299.956 300.678
340.014 300.821
380.398 300.954
420.329 301.19
460.474 301.322
500.302 301.51
540.07 301.841
579.657 302.33
618.907 302.705
300.6 341.053
340.79 341.111
380.76 341.165
420.765 341.262
460.664 341.365
500.544 341.479
540.186 341.721
579.622 342.027
618.859 342.291
