717.336 213.24
753.915 198.596
791.155 183.819
828.711 168.907
866.835 153.848
905.478 138.502
944.534 123.149
984.096 107.369
1024.42 91.2553
730.877 249.962
767.562 235.592
804.761 221.169
842.386 206.485
880.52 191.725
919.218 176.712
958.174 161.582
997.676 146.244
1037.95 130.489
744.352 286.619
781.178 272.538
818.296 258.392
855.874 244.085
894.063 229.58
932.731 214.829
971.758 200.048
1011.43 184.757
1051.51 169.569
757.661 323.358
794.531 309.562
831.733 295.656
869.494 281.553
907.587 267.351
946.205 252.889
985.343 238.318
1024.87 223.527
1064.97 208.455
771.186 359.985
807.832 346.498
845.274 332.737
882.871 319.023
921.046 305.019
959.532 290.847
998.603 276.606
1038.09 262.11
1078.15 247.46
784.297 396.605
821.22 383.361
858.439 369.896
896.152 356.412
934.241 342.622
972.971 328.757
1011.78 314.75
1051.43 300.497
1091.43 286.081
