229.872 188.893
270.477 179.108
310.812 169.309
351.18 159.575
391.496 149.927
431.711 140.332
471.931 130.985
511.82 121.567
551.654 112.408
241.617 230.049
281.677 220.107
322.091 210.371
361.988 200.557
402.297 190.783
442.246 181.273
482.344 171.612
521.897 162.333
561.774 152.979
253.01 270.447
292.993 260.571
332.91 250.731
372.811 240.902
412.811 231.247
452.71 221.549
492.477 211.959
532.052 202.459
571.601 193.23
264.209 310.72
304.129 300.817
343.844 290.999
383.533 281.143
423.313 271.418
463.056 261.731
502.594 252.095
542.083 242.594
581.419 233.22
275.752 350.611
314.994 340.763
354.83 330.879
394.197 321.205
433.867 311.36
473.267 301.621
512.702 292.059
552.086 282.529
591.11 273.142
286.701 390.408
326.183 380.466
365.377 370.62
404.775 360.802
444.163 351.033
483.585 341.305
522.75 331.661
561.913 322.117
600.825 312.574
