1052.8 226.078
1019.97 253.346
987.853 280.056
956.369 306.355
925.272 332.21
894.434 357.687
864.317 382.679
834.754 407.515
805.413 431.615
1026.55 195.319
994.06 222.849
962.049 249.818
930.749 276.37
899.759 302.487
869.343 328.219
839.313 353.584
809.774 378.392
780.598 402.984
1000.32 164.591
967.987 192.387
936.271 219.534
905.004 246.392
874.298 272.767
843.966 298.761
814.119 324.38
784.805 349.539
755.901 374.34
973.978 133.755
941.8 161.913
910.304 189.431
879.344 216.416
848.729 243.087
818.558 269.313
788.925 295.134
759.734 320.573
731.146 345.644
947.535 103.001
915.605 131.366
884.238 159.179
853.385 186.453
822.958 213.344
793.135 239.849
763.636 266.012
734.718 291.634
706.252 316.949
921.136 72.2224
889.28 100.83
858.038 128.926
827.45 156.485
797.311 183.656
767.541 210.421
738.368 236.768
709.529 262.622
681.327 288.347
