989.833 191.164
969.625 229.816
949.679 267.541
930.363 304.646
911.32 340.915
892.239 376.52
873.893 411.272
856.201 445.521
838.204 478.775
951.593 173.54
931.812 212.249
912.583 249.881
893.605 286.852
874.928 323.245
856.614 358.687
838.72 393.716
821.155 427.649
803.722 461.28
913.633 156.218
894.494 194.706
875.589 232.362
857.154 269.435
839.133 305.67
821.315 341.311
803.618 376.159
786.536 410.294
769.708 443.683
876.048 138.969
857.455 177.451
839.241 215.189
821.143 252.107
803.513 288.32
785.977 323.88
769.019 358.737
752.246 392.922
735.967 426.457
838.931 122.11
820.729 160.414
802.848 198.091
785.405 234.915
768.084 271.149
751.282 306.671
734.603 341.579
718.43 375.764
702.409 409.185
802.09 105.334
784.427 143.667
766.842 181.305
749.818 218.191
733.135 254.276
716.66 289.899
700.592 324.667
684.6 358.718
669.176 392.24
