387.954 362.591
411.064 330.29
434.167 297.877
457.497 265.518
480.936 232.954
504.359 200.343
527.968 167.95
551.525 135.581
575.078 103.147
421.054 385.95
443.905 353.821
467.147 321.588
490.22 289.429
513.743 256.981
537.068 224.722
560.595 192.361
583.96 160.254
607.581 127.906
453.51 409.002
476.378 377.051
499.474 345.079
522.606 312.961
546.019 280.86
569.343 248.693
592.749 216.509
616.118 184.453
639.528 152.494
485.793 432.009
508.719 400.22
531.775 368.445
554.929 336.504
578.051 304.567
601.366 272.584
624.667 240.641
647.995 208.713
671.25 176.877
517.97 454.627
540.693 423.232
563.752 391.525
586.766 359.904
609.912 328.154
633.039 296.389
656.289 264.599
679.427 232.897
702.608 201.296
549.763 477.332
572.498 445.909
595.439 414.597
618.454 383.004
641.372 351.518
664.579 319.848
687.528 288.364
710.686 256.755
733.71 225.298
