813.224 90.4712
835.531 124.653
857.689 158.985
879.986 193.341
902.185 227.88
924.161 262.612
946.083 297.024
968.287 331.32
989.791 365.875
778.775 115.348
800.931 149.258
822.958 183.194
845.062 217.227
866.981 251.374
888.965 285.561
910.793 319.7
932.377 353.679
954.013 387.97
745.173 139.676
767.052 173.212
788.781 206.752
810.616 240.446
832.497 274.257
854.292 308.126
875.749 341.94
897.339 375.752
918.751 409.505
712.081 163.458
733.766 196.636
755.414 229.922
777.038 263.331
798.529 296.698
820.058 330.373
841.476 363.815
862.923 397.306
884.182 430.607
679.79 186.931
701.145 219.801
722.459 252.738
743.832 285.769
765.286 318.854
786.643 352.047
807.776 385.217
829.103 418.326
850.021 451.384
647.859 210.047
669.153 242.508
690.182 275.131
711.361 307.819
732.49 340.608
753.679 373.465
774.777 406.255
795.7 439.149
816.609 471.765
