347.851 117.917
380.434 140.494
412.467 162.827
444.316 184.807
475.711 206.684
506.781 228.46
537.5 250.005
567.972 270.996
597.868 292.089
326.644 149.754
359.279 172.067
391.568 194.344
423.34 216.125
454.992 237.924
486.212 259.302
517.22 280.611
547.487 301.532
577.813 322.525
305.548 181.414
338.295 203.615
370.557 225.619
402.536 247.336
434.267 268.8
465.673 290.207
496.619 311.296
527.291 332.047
557.615 352.735
284.277 213.219
317.192 235.302
349.713 257.027
381.745 278.527
413.528 299.963
445.052 321.191
476.197 341.956
507.01 362.648
537.437 383.132
263.386 245.2
296.137 266.887
328.829 288.632
360.954 310.01
392.829 331.213
424.47 352.076
455.711 372.805
486.637 393.383
517.113 413.67
242.12 277.057
275.268 298.738
307.849 320.209
340.232 341.341
372.167 362.341
403.955 383.163
435.303 403.71
466.349 424.063
497.011 444.125
