761.319 173.394
799.047 187.333
837.192 201.653
875.539 216.072
914.4 230.729
953.475 245.757
992.732 260.764
1032.41 275.827
1072.29 291.146
746.468 212.109
783.921 226.247
821.64 240.566
859.812 255.154
898.183 270.029
936.946 284.888
975.883 300.086
1014.92 315.293
1054.57 330.701
731.86 250.283
769.009 264.496
806.381 279.009
844.11 293.659
882.197 308.555
920.553 323.598
959.189 338.768
997.872 354.155
1036.99 369.544
717.371 288.016
754.186 302.405
791.307 316.853
828.683 331.651
866.343 346.59
904.355 361.834
942.515 377.013
980.986 392.429
1019.58 407.776
703.202 325.341
739.519 339.719
776.332 354.453
813.345 369.291
850.716 384.288
888.3 399.361
926.126 414.693
964.257 430.115
1002.33 445.59
688.927 362.159
725.134 376.652
761.443 391.424
798.148 406.297
835.138 421.351
872.467 436.575
909.883 451.801
947.588 467.371
985.431 482.735
