566.48 453.648
533.111 435.258
499.477 416.741
465.529 397.97
431.241 379.097
396.561 360.12
361.785 340.855
326.787 321.556
291.488 302.192
584.487 420.104
551.355 401.725
517.836 382.947
484.094 364.281
449.869 345.156
415.497 326.057
380.835 306.736
345.997 287.398
310.839 267.784
602.403 387.009
569.48 368.448
536.2 349.672
502.579 330.64
468.616 311.573
434.392 292.272
399.911 272.77
365.176 253.322
330.206 233.767
620.425 354.065
587.554 335.329
554.507 316.322
521.128 297.232
487.29 278.124
453.217 258.677
418.899 239.131
384.392 219.511
349.507 199.787
638.064 321.284
605.618 302.447
572.57 283.348
539.53 264.217
505.868 244.804
472.048 225.421
437.87 205.776
403.463 186.172
368.803 166.248
655.941 288.636
623.482 269.784
590.889 250.462
557.833 231.196
524.427 211.862
490.731 192.176
456.725 172.613
422.564 152.664
387.973 132.721
