1184.44 357.003
1160.4 357.481
1136.68 358.016
1113.17 358.598
1090.13 359.156
1066.79 359.453
1044 359.898
1021.02 360.486
998.57 360.958
1184.55 334.308
1160.52 335.015
1136.73 335.518
1113.16 336.165
1090.13 336.707
1066.67 337.288
1043.94 337.663
1020.92 338.329
998.531 338.826
1184.8 311.471
1160.6 312.369
1136.9 313.054
1113.36 313.59
1090.06 314.392
1066.71 314.947
1044.02 315.427
1020.96 316.072
998.407 316.708
1184.97 288.708
1160.85 289.547
1136.92 290.419
1113.56 291.193
1090.02 291.903
1066.82 292.59
1043.85 293.198
1021.01 293.751
998.302 294.589
1185.28 265.771
1160.95 266.883
1137.1 267.597
1113.45 268.636
1090.21 269.401
1066.7 270.24
1043.81 270.977
1020.75 271.644
998.219 272.451
1185.54 242.963
1161.25 243.945
1137.31 244.969
1113.71 245.887
1090.09 246.921
1066.96 247.679
1043.63 248.655
1020.83 249.357
998.079 250.214
