1033.11 350.102
1034.76 327.25
1036.21 304.056
1037.73 280.838
1039.11 257.255
1040.55 233.363
1042.21 209.204
1044.05 184.748
1045.27 160.006
1056.49 349.743
1058.08 326.773
1059.72 303.728
1061.31 280.163
1062.97 256.732
1064.67 232.537
1066.46 208.544
1068.19 183.814
1070.03 159.254
1079.75 349.41
1081.55 326.474
1083.13 303.234
1085.1 279.76
1086.73 256.056
1088.99 231.91
1090.8 207.656
1092.61 183.23
1094.58 158.323
1103.13 349.162
1105.01 326.092
1107.39 302.847
1109.23 279.372
1111.25 255.412
1113.21 231.348
1115.37 207.069
1117.7 182.379
1119.74 157.298
1126.67 348.699
1128.84 325.546
1130.98 302.394
1133.24 278.695
1135.4 254.905
1137.69 230.683
1140.03 206.191
1142.42 181.446
1144.78 156.31
1150.42 348.357
1152.51 325.172
1155.05 301.735
1157.66 278.266
1160.01 254.242
1162.64 229.998
1165.19 205.301
1167.81 180.43
1170.33 155.222
