1093.24 330.592
1083.06 310.786
1072.54 290.916
1062.26 270.917
1051.62 250.748
1041.13 230.554
1030.31 210.127
1019.64 189.576
1008.61 169.125
1113.79 318.72
1103.47 298.736
1093.33 278.884
1082.72 258.654
1072.41 238.575
1061.67 218.062
1051.19 197.689
1040.3 176.99
1029.6 156.409
1134.49 306.667
1124.3 286.694
1113.94 266.674
1103.74 246.508
1093.14 226.242
1082.81 205.536
1072.22 185.014
1061.46 164.422
1050.67 143.616
1155.57 294.626
1145.3 274.574
1135.31 254.293
1124.85 234.118
1114.43 213.592
1103.81 193.084
1093.45 172.382
1082.84 151.563
1072.05 130.594
1176.6 282.388
1166.53 262.253
1156.28 241.995
1146.05 221.571
1135.67 201.066
1125.34 180.323
1114.74 159.545
1104.22 138.645
1093.48 117.603
1198.15 270.088
1187.84 249.82
1177.9 229.408
1167.72 208.868
1157.45 188.241
1147.07 167.462
1136.65 146.427
1126.11 125.407
1115.45 104.258
