1007.13 275.524
1020.47 255.391
1033.77 234.866
1047.39 214.342
1061.12 193.486
1075.13 172.17
1089.37 150.724
1104.08 128.974
1118.69 106.678
1026.01 287.199
1039.41 266.954
1052.79 246.871
1066.54 226.14
1080.45 205.519
1094.6 184.291
1108.85 163.028
1123.62 141.179
1138.58 119.133
1044.86 298.67
1058.33 278.75
1071.77 258.462
1085.63 238.149
1099.46 217.381
1114.12 196.451
1128.52 175.095
1143.25 153.405
1158.37 131.383
1063.56 310.239
1077.02 290.384
1091.01 270.427
1104.77 250.075
1118.93 229.439
1133.22 208.384
1147.91 187.188
1163.05 165.689
1178.26 143.614
1082.16 321.727
1095.8 301.952
1109.56 282.021
1123.64 261.697
1137.79 241.248
1152.39 220.382
1167.2 199.292
1182.32 177.776
1197.83 155.809
1100.67 333.182
1114.32 313.433
1128.34 293.511
1142.6 273.521
1156.88 253.119
1171.68 232.396
1186.66 211.364
1201.99 189.853
1217.54 167.941
