281.665 346.403
267.493 346.298
253.209 346.422
238.808 346.457
224.068 346.543
209.554 346.568
194.948 346.679
180.043 346.699
165.26 346.718
281.455 332.325
266.946 332.378
252.707 332.365
237.854 332.468
223.64 332.401
208.831 332.457
194.2 332.47
179.303 332.484
164.559 332.579
280.89 318.57
266.434 318.34
251.909 318.393
237.529 318.312
223.064 318.352
208.228 318.236
193.521 318.218
178.675 318.187
163.619 318.009
280.33 304.227
265.745 304.316
251.591 304.128
236.974 304.132
222.454 303.926
207.462 303.878
193.038 303.821
177.674 303.714
163.124 303.796
279.699 290.451
265.498 290.288
251.046 290.147
236.434 289.975
221.646 289.819
207.13 289.749
192.074 289.633
177.389 289.524
162.162 289.445
279.46 276.109
265.036 276.05
250.374 275.811
235.729 275.685
221.251 275.551
206.315 275.459
191.545 275.303
176.569 275.183
161.495 275.075
