155.652 220.886
169.394 234.166
182.818 247.052
196.203 259.828
209.499 272.424
222.592 285.074
235.451 297.445
248.287 309.588
260.792 321.685
142.95 233.327
156.918 246.376
170.442 259.214
183.963 271.916
197.231 284.552
210.436 297.047
223.32 309.368
236.275 321.497
248.844 333.522
130.495 245.354
144.507 258.526
158.177 271.285
171.653 284.01
185.033 296.543
198.379 308.924
211.224 321.153
224.314 333.328
236.785 345.327
117.835 257.737
132.04 270.64
145.721 283.411
159.406 296.08
172.784 308.495
186.224 320.905
199.059 333.029
212.329 345.099
224.944 356.998
105.394 269.892
119.572 282.759
133.362 295.505
147.137 308.07
160.577 320.517
174.017 332.734
187.107 344.939
200.272 356.89
213.053 368.796
92.8412 282.219
106.999 294.989
120.981 307.651
134.781 320.105
148.345 332.522
161.795 344.687
175.063 356.864
188.231 368.749
201.226 380.613
