235.853 223.792
236.72 239.901
237.56 255.772
238.347 271.616
239.362 287.442
240.131 303.325
241.214 318.771
241.909 334.101
242.891 349.483
219.215 223.771
220.257 239.937
221.148 255.736
222.109 271.722
223.099 287.57
223.891 303.402
225.002 319.136
225.817 334.553
226.931 349.845
202.798 223.586
203.63 239.831
204.745 255.792
205.608 271.798
206.632 287.65
207.704 303.542
208.729 319.271
209.575 334.868
210.654 350.299
185.634 223.483
187.098 239.73
187.898 255.81
189.22 271.841
190.211 287.804
191.254 303.659
192.12 319.431
193.457 335.2
194.438 350.703
169.175 223.375
170.013 239.689
171.385 255.735
172.363 271.847
173.535 287.863
174.67 303.784
175.733 319.624
177.032 335.366
177.923 351.068
151.596 223.22
153.163 239.581
154.218 255.694
155.596 271.958
156.708 287.931
157.818 304.053
159.154 319.806
160.265 335.651
161.505 351.4
