101.214 331.773
118.078 325.677
134.722 319.536
151.262 313.371
167.82 307.284
184.31 301.125
200.663 295.093
216.914 288.95
233.164 282.966
109.752 347.324
126.417 341.109
142.754 334.959
159.398 328.771
175.653 322.791
192.101 316.626
208.167 310.587
224.367 304.534
240.312 298.48
117.975 362.419
134.468 356.288
150.797 350.24
167.027 344.083
183.301 337.946
199.446 331.834
215.494 325.797
231.427 319.694
247.424 313.819
126.188 377.516
142.464 371.249
158.594 365.154
174.779 358.989
190.732 352.862
206.88 346.761
222.618 340.795
238.611 334.68
254.291 328.67
134.27 392.127
150.345 385.923
166.411 379.869
182.369 373.754
198.304 367.697
214.141 361.566
229.917 355.564
245.545 349.474
261.233 343.485
142.157 406.678
158.226 400.498
174.009 394.374
189.834 388.38
205.572 382.279
221.287 376.253
236.87 370.18
252.523 364.187
268.012 358.071
