103.72 178.308
118.942 189.151
133.923 199.426
148.711 209.817
163.426 219.93
178.012 230.146
192.292 240.07
206.474 249.91
220.444 259.735
94.4896 192.441
109.819 202.683
124.743 213.227
139.678 223.241
154.309 233.54
168.802 243.559
183.244 253.456
197.449 263.142
211.488 272.764
85.37 205.693
100.724 216.339
115.696 226.436
130.572 236.676
145.221 246.734
159.875 256.653
174.181 266.43
188.438 276.343
202.463 286.029
76.172 219.586
91.638 229.82
106.569 240.039
121.561 250.113
136.29 260.052
150.807 270.075
165.051 279.713
179.478 289.412
193.559 298.888
67.1593 232.966
82.5848 243.387
97.5842 253.392
112.471 263.508
127.271 273.4
141.866 283.139
156.301 292.886
170.512 302.462
184.599 312.161
58.0331 246.623
73.4598 256.733
88.5606 266.861
103.516 276.656
118.283 286.588
132.819 296.302
147.308 306.106
161.552 315.459
175.766 324.998
