224.206 370.909
217.432 370.144
198.14 367.322
184.41 365.49
169.866 363.524
155.502 361.668
140.275 359.562
124.806 357.554
108.959 355.329
221.25 355.064
215.217 353.97
202.314 351.942
187.436 349.867
173.533 347.664
158.66 345.538
143.914 343.385
128.357 340.932
112.672 338.699
231.647 340.781
220.599 338.87
205.316 336.488
191.562 334.244
177.105 332.044
162.46 329.49
147.577 327.089
132.344 324.547
116.331 321.915
228.862 324.541
221.964 323.201
208.901 320.826
195.157 318.506
180.784 315.999
166.124 313.314
151.513 310.693
136.019 307.902
120.174 305.256
238.825 310.348
232 308.738
212.402 305.227
198.65 302.531
184.492 299.951
169.763 297.034
154.916 294.231
139.54 291.255
123.707 288.27
240.763 294.365
229.68 292.38
216.963 289.693
202.548 286.642
188.355 283.802
173.783 280.734
158.777 277.622
143.404 274.423
127.707 271.269
