261.726 363.138
246.376 361.233
231.245 359.395
215.875 357.592
200.85 355.836
185.58 354.066
170.812 352.358
155.726 350.568
141.019 348.745
262.21 346.566
246.787 344.837
231.588 343.121
216.016 341.353
201.214 339.527
185.66 337.698
170.943 336.147
155.639 334.359
141.059 332.648
262.686 330.205
247.257 328.389
231.668 326.691
216.288 324.906
201.27 323.296
185.881 321.502
170.775 319.726
155.635 318.07
140.763 316.265
263.141 313.386
247.528 311.713
232.057 310.084
216.574 308.383
201.467 306.715
185.899 305.035
170.854 303.356
155.54 301.511
140.688 300.051
263.592 296.81
247.87 295.188
232.408 293.448
217.17 291.74
201.551 290.008
186.253 288.448
171.096 286.773
155.794 285.21
140.609 283.451
263.966 279.694
248.317 278.209
232.807 276.587
217.214 274.999
201.746 273.33
186.205 271.591
171.265 269.988
155.58 268.385
140.557 266.871
