273.704 383.918
260.478 388.353
247.287 392.746
233.862 397.466
220.687 401.995
206.453 406.713
194.357 410.974
181.265 415.414
170.895 418.763
266.944 368.582
253.261 373.37
240.508 377.885
226.449 382.725
213.614 387.114
200.057 392.009
187.781 396.128
174.771 400.751
162.88 404.659
258.667 353.938
245.674 358.496
231.91 363.338
217.384 368.533
205.139 372.706
191.855 377.55
178.08 382.383
165.662 386.76
154.396 390.628
251.084 338.505
237.568 343.482
224.418 348.23
209.7 353.45
197.174 358.056
183.936 362.718
170.508 367.514
156.715 372.5
146.095 376.352
243.322 323.144
230.023 328.262
216.067 333.157
202.714 338.139
189.087 342.928
176.005 347.932
162.708 352.581
149.738 357.427
138.14 361.802
235.732 307.457
222.057 312.655
208.044 317.845
193.851 323.009
181.075 327.816
167.29 332.837
154.67 337.615
140.62 342.718
129.555 347.01
