255.909 370.357
238.756 369.552
221.382 369.022
203.748 368.164
185.929 367.495
168.158 366.763
150.138 365.817
132.017 365.206
113.665 364.173
255.992 356.01
238.54 355.422
221.235 354.667
203.311 353.74
185.577 353.095
167.372 352.202
149.362 351.34
130.782 350.483
112.39 349.504
256.015 341.815
238.415 341.068
220.878 340.352
202.904 339.351
184.906 338.594
166.542 337.529
148.095 336.728
129.57 335.577
110.985 334.719
256.037 327.216
238.269 326.308
220.472 325.445
202.291 324.527
184.077 323.453
165.618 322.503
147.264 321.524
128.251 320.425
109.448 319.482
256.123 312.263
238.236 311.406
220.117 310.307
201.799 309.356
183.541 308.289
164.948 307.305
146.04 306.009
127.257 305.077
107.888 303.732
256.237 297.107
238.07 295.965
219.728 295.094
201.481 293.8
182.962 292.774
163.862 291.477
145.216 290.427
125.699 289.224
106.508 287.848
