273.272 264.506
268.481 280.459
263.87 296.177
259.335 311.694
254.855 327.105
250.411 342.434
246.088 357.204
241.95 371.97
237.586 386.466
255.372 258.449
250.827 274.62
246.35 290.374
241.916 306.112
237.488 321.487
233.231 336.758
228.967 351.899
224.856 366.728
220.748 381.397
237.615 252.433
233.154 268.63
228.683 284.542
224.375 300.41
220.1 315.914
215.903 331.303
211.726 346.483
207.682 361.538
203.595 376.192
219.402 246.405
215.244 262.618
210.83 278.64
206.599 294.633
202.548 310.275
198.368 325.735
194.287 341.032
190.391 356.168
186.577 370.9
201.342 240.151
197.085 256.551
192.905 272.691
188.762 288.607
184.679 304.467
180.747 320.059
176.758 335.445
173.019 350.536
169.174 365.537
182.76 233.815
178.674 250.433
174.583 266.633
170.658 282.901
166.694 298.605
162.775 314.54
158.989 329.77
155.247 345.202
151.623 360.177
