369.463 320.36
447.874 318.522
526.942 317.035
606.424 315.716
686.255 314.595
765.966 313.672
845.157 313.325
923.49 313.025
1001.37 312.667
370.652 399.618
448.62 398.085
528.202 396.787
607.318 395.561
687.74 394.43
767.075 393.616
846.986 392.932
924.984 392.33
1003.2 391.667
371.16 478.787
449.628 477.53
528.952 476.452
608.625 475.365
688.813 474.305
768.821 473.393
848.326 472.399
927.065 471.425
1004.98 470.642
372.588 558.273
450.997 557.367
530.33 556.539
610.02 555.547
689.922 554.459
769.977 553.386
849.392 552.325
928.14 551.194
1005.7 549.964
374.55 637.678
452.739 637.01
531.875 636.208
611.359 635.433
690.968 634.338
770.752 633.191
849.904 631.924
928.442 630.379
1005.96 628.948
376.289 716.492
454.664 715.903
533.436 715.562
612.651 715.005
692.277 713.749
771.804 712.608
850.614 711.08
929.045 709.374
1006.6 707.597
