339.71 331.079
419.614 326.011
500.045 321.276
580.823 316.652
662.069 312.194
742.958 308.042
823.23 304.408
902.639 300.76
981.292 297.309
344.858 412.031
424.11 407.279
504.985 402.48
585.29 397.933
666.963 393.448
747.308 389.272
828.21 385.269
907.076 381.443
985.977 377.539
349.298 492.513
428.982 487.905
509.471 483.417
590.231 478.949
671.357 474.531
752.236 470.155
832.614 465.827
912.017 461.52
990.483 457.442
354.65 573.021
434.318 568.792
514.503 564.429
595.051 560.117
675.875 555.43
756.573 551.043
836.775 546.532
915.938 542.002
993.909 537.418
360.634 652.98
439.909 648.816
519.802 644.614
600.069 640.441
680.284 635.967
760.676 631.273
840.309 626.52
919.236 621.634
997.077 616.676
366.444 732.177
445.584 728.2
524.934 724.294
604.865 720.22
684.893 715.437
764.881 710.91
844.022 705.793
922.674 700.763
1000.27 695.522
