919.503 458.348
877.355 480.714
834.652 503.277
791.503 526.232
747.831 549.103
703.485 572.261
658.944 595.8
614.007 619.388
568.892 642.85
893.247 417.901
851.647 439.734
809.252 461.826
766.613 484.145
723.193 506.735
679.547 529.356
635.312 552.453
591.078 575.346
546.253 598.556
867.867 378.265
826.472 399.853
784.595 421.391
742.273 443.039
699.483 465.455
656.027 487.647
612.425 509.869
568.523 532.502
524.408 555.234
842.928 339.8
802.007 360.905
760.384 382.085
718.615 403.116
676.109 425.061
633.272 446.769
590.101 468.579
546.718 490.712
503.181 513.203
818.239 302.902
777.896 323.108
736.753 343.764
695.463 364.569
653.389 385.75
611.119 407.146
568.544 428.639
525.651 450.585
482.689 472.298
794.541 266.298
754.404 286.437
713.72 306.321
672.812 326.626
631.278 347.542
589.533 368.232
547.366 389.775
505.048 410.676
462.5 432.358
