1024.11 500.857
961.184 514.227
896.798 528.008
830.865 541.972
763.105 556.335
693.642 571.19
622.399 585.623
550.234 600.535
476.959 615.641
1018.17 433.419
954.588 446.094
889.073 459.148
822.298 472.53
753.109 486.277
682.618 500.242
610.194 514.519
536.902 529.128
462.231 543.867
1012.53 364.385
947.489 376.361
881.25 388.606
813.432 401.375
743.003 414.305
671.235 427.716
598.034 441.695
523.397 455.878
447.495 470.266
1006.38 293.349
940.3 304.581
872.795 316.054
804.052 328.045
732.444 340.354
659.62 353.191
585.305 366.436
509.481 380.144
432.341 394.213
998.918 220.464
932.252 231.016
863.899 241.842
793.608 253.016
721.577 264.573
647.539 276.669
572.087 289.255
495.102 302.478
417.15 315.968
992.209 145.779
924.076 155.789
854.852 165.81
783.695 176.189
710.307 187.233
635.464 198.562
558.624 210.57
480.878 223.065
401.591 236.142
