924.345 511.174
883.569 513.704
842.101 516.322
799.292 519.108
755.581 521.757
710.598 524.514
664.529 527.385
617.466 530.329
569.572 533.236
920.552 466.019
880.191 468.126
838.35 470.124
795.973 472.301
751.919 474.503
707.187 476.635
661.104 479.049
614.419 481.358
566.174 483.743
917.475 421.221
876.599 422.841
835.044 424.253
792.569 425.757
748.641 427.545
703.777 429.232
658.178 430.866
611.293 432.745
563.449 434.621
913.938 376.597
873.169 377.584
831.487 378.612
789.263 379.509
745.13 380.779
700.493 381.829
654.79 383.023
608.171 384.297
560.222 385.795
909.704 332.389
869.425 332.749
827.97 333.194
785.508 333.715
741.789 334.166
697.048 334.894
651.513 335.579
604.673 336.505
557.236 337.405
906.191 288.065
865.684 288.154
824.399 287.855
782.107 287.844
738.314 287.963
694.003 288.062
648.125 288.546
601.888 288.678
554.218 289.248
