987.424 448.6
936.798 461.358
886.848 473.907
837.437 486.385
788.436 498.657
739.846 510.897
692.275 522.635
645.26 534.453
598.946 545.958
976.424 399.578
925.583 412.753
874.941 425.754
825.337 438.536
775.741 451.312
727.1 463.769
678.755 476.317
631.655 488.446
584.687 500.495
965.481 349.892
913.856 363.381
863.141 376.688
812.718 390.197
762.995 403.138
713.76 416.29
665.226 429.216
617.495 442
570.541 454.386
953.977 299.064
902.038 313.02
850.636 326.888
800.049 340.591
749.794 354.112
700.295 367.652
651.365 381.122
603.341 394.381
555.992 407.381
941.884 247.224
889.666 261.63
837.929 276.023
786.861 290.185
736.411 304.156
686.435 318.24
637.399 332.005
588.878 345.876
541.429 359.254
929.893 194.499
877.077 209.552
824.873 224.302
773.508 238.947
722.555 253.533
672.344 268.064
622.872 282.396
574.23 296.656
526.315 310.691
