632.138 421.058
677.392 415.826
726.017 410.302
778.429 404.24
834.966 398.035
895.702 391.204
962.47 383.942
1033.83 376.262
1111.86 367.554
633.245 479.614
678.348 476.486
727.53 473.365
779.751 469.839
836.964 466.054
897.929 462.083
964.705 457.756
1036.13 453.164
1114.79 447.923
633.452 538.235
679.012 537.332
728.103 536.36
780.494 535.375
837.764 534.093
899.419 533.024
965.609 531.612
1037.53 529.98
1116.61 528.436
634.378 597.214
679.874 598.352
729.292 599.906
781.507 601.248
839.094 602.63
900.795 604.262
967.044 605.95
1039.49 607.75
1118.63 609.386
635.831 655.983
681.361 659.481
730.488 663.208
783.297 667.087
840.387 671.142
902.202 675.434
968.925 680.086
1041.41 684.957
1120.36 690.367
636.349 714.733
682.4 720.243
731.183 726.35
783.78 732.831
841.258 739.321
902.812 746.698
969.89 754.296
1042.15 762.45
1121.45 771.454
