1078.87 409.413
1093.99 415.925
1110.69 409.549
1126.77 414.649
1144.46 405.796
1160.83 406.574
1178.62 403.947
1196.08 404.628
1214.16 403.433
1078.05 417.253
1093.17 428.66
1110.37 415.311
1126.73 414.926
1143.16 420.271
1160.5 419.488
1177.83 418.419
1195.8 417.557
1213.77 416.609
1076.81 429.977
1092.59 434.875
1109.28 428.143
1126.23 427.445
1142.79 427.043
1159.88 432.181
1177.43 431.362
1195.31 430.427
1213.51 429.564
1075.28 448.307
1092.43 441.535
1108.06 447.203
1124.7 446.291
1141.8 445.803
1159.31 445.326
1176.63 444.478
1194.77 443.714
1213.2 443.191
1074.21 461.221
1090.5 460.566
1107.04 460.124
1124.02 459.588
1141.09 459.135
1158.51 458.524
1176.33 457.866
1194.36 457.445
1212.8 456.694
1072.98 474.114
1089.56 473.507
1106.23 473.295
1123.03 472.705
1140.39 472.429
1157.93 471.819
1175.91 471.55
1194.06 470.898
1212.51 470.478
