357.851 334.272
337.727 333.966
317.604 333.652
297.496 333.454
277.373 333.161
257.181 332.902
237.206 332.596
217.132 332.434
197.07 332.072
358.374 314.362
338.141 314.049
318.085 313.772
297.84 313.504
277.811 313.348
257.549 312.928
237.573 312.715
217.419 312.382
197.43 312.157
358.761 294.396
338.588 294.134
318.549 293.723
298.272 293.564
278.267 293.331
258.034 293.062
237.925 292.633
217.693 292.361
197.741 292.069
359.078 274.48
339.03 274.253
318.946 273.882
298.813 273.635
278.699 273.475
258.601 273.068
238.336 272.684
218.296 272.424
198.105 272.193
359.471 254.807
339.403 254.519
319.308 254.112
299.292 253.808
279.168 253.549
259.109 253.258
238.923 252.882
218.935 252.583
198.741 252.175
359.838 234.958
339.72 234.525
319.675 234.155
299.549 233.832
279.534 233.592
259.316 233.299
239.353 232.979
219.13 232.512
199.083 232.223
