306.267 368.125
289.76 355.716
273.117 343.543
256.485 331.207
239.789 318.905
222.996 306.499
206.325 294.156
189.456 281.713
172.553 269.205
318.6 351.871
302.052 339.628
285.569 327.34
268.863 314.985
252.375 302.687
235.532 290.243
218.862 277.966
201.994 265.448
185.199 253.004
330.758 335.827
314.363 323.425
297.868 311.298
281.222 298.82
264.645 286.67
248.062 274.119
231.297 261.731
214.432 249.298
197.733 236.784
343.099 319.548
326.665 307.484
310.282 295.055
293.637 282.729
277.166 270.451
260.475 258.061
243.679 245.61
227.036 232.987
210.134 220.723
355.353 303.696
338.911 291.504
322.514 279.143
306.042 266.76
289.543 254.479
272.876 242.031
256.316 229.597
239.634 217.202
222.815 204.613
367.665 287.58
351.257 275.453
334.771 263.044
318.422 250.649
301.952 238.403
285.368 225.896
268.845 213.556
252.102 200.913
235.298 188.639
