1118.42 395
1130.43 405.606
1142.62 416.405
1154.96 427.251
1167.69 438.315
1180.58 449.501
1193.43 460.793
1206.6 472.123
1219.91 483.743
1105.89 406.547
1117.94 417.365
1129.9 427.976
1142.46 438.961
1154.6 450.024
1167.29 461.293
1180.11 472.511
1193.14 484.042
1206.32 495.54
1093.74 417.909
1105.56 428.572
1117.47 439.486
1129.68 450.376
1141.94 461.568
1154.5 472.663
1167.01 484.087
1179.77 495.533
1192.75 507.281
1081.31 429.184
1093.41 440.072
1104.98 450.838
1117.17 461.867
1129.04 472.917
1141.64 484.341
1153.91 495.563
1166.72 507.135
1179.41 518.724
1069.31 440.643
1081.05 451.309
1092.68 462.209
1104.69 473.208
1116.57 484.426
1128.76 495.618
1140.96 507.141
1153.59 518.548
1166.21 530.254
1057.58 451.729
1068.94 462.602
1080.6 473.431
1092.17 484.44
1104.14 495.632
1116.29 506.909
1128.28 518.317
1140.56 529.903
1153.19 541.581
