696.303 397.694
678.367 404.482
660.543 411.265
642.757 417.915
625.086 424.678
607.364 431.405
589.877 438.074
572.445 444.685
555.099 451.254
689.573 380.155
671.474 387.081
653.716 393.845
635.713 400.751
618.102 407.448
600.236 414.259
582.674 420.977
565.104 427.701
547.81 434.358
682.862 362.682
664.672 369.526
646.714 376.494
628.761 383.374
610.874 390.182
593.11 397.055
575.383 403.873
557.728 410.61
540.237 417.361
675.895 344.799
657.76 351.85
639.719 358.795
621.631 365.762
603.729 372.668
585.784 379.598
568.034 386.446
550.325 393.372
532.802 400.188
669.016 326.857
650.771 333.957
632.597 340.946
614.513 347.915
596.491 354.925
578.515 361.905
560.613 368.831
542.876 375.768
525.216 382.683
661.994 308.591
643.597 315.787
625.436 322.851
607.193 329.96
589.204 337.027
571.001 344.148
553.207 351.117
535.208 358.185
517.603 365.138
