754.041 345.242
753.644 356.681
753.727 356.821
752.506 369.145
752.232 382.056
756.314 395.004
751.115 407.087
750.049 419.286
750.095 431.79
739.672 343.356
753.449 356.808
752.15 369.086
736.564 381.105
744.31 387.618
734.544 405.629
736.284 418.425
742.303 425.075
733.759 431.106
739.476 343.14
726.66 354.828
737.263 356.316
737.898 368.78
736.634 392.765
724.707 404.861
734.391 405.801
729.794 424.557
733.58 431.139
715.99 342.432
721.016 348.715
726.344 354.945
719.794 373.42
725.326 380.198
724.444 404.873
724.403 404.943
716.971 423.512
722.417 430.549
700.641 340.968
715.78 342.542
698.421 365.256
715.239 367.191
706.483 385.249
697.48 390.608
704.952 410.1
712.898 428.724
712.732 428.885
695.889 340.911
700.127 353.169
694.554 365.017
698.063 365.264
693.866 390.519
697.166 390.725
691.888 415.289
691.855 415.573
695.674 429.084
