771.32 420.498
771.161 420.499
758.873 420.316
746.464 420.451
734.138 420.087
722.407 420.296
697.645 420.033
697.416 420.014
684.686 419.15
771.476 406.45
771.315 406.425
758.775 405.237
746.477 405.873
722.572 405.462
722.371 405.555
697.613 419.759
691.535 411.888
684.901 403.808
771.513 406.238
771.326 394.54
758.886 394.455
734.687 393.974
734.294 404.685
722.403 405.377
710.279 404.424
685.273 393.272
685.028 393.313
771.429 394.378
771.23 384.042
758.666 384.228
740.874 388.201
734.551 393.756
722.675 393.658
710.19 383.468
698.051 382.735
685.012 393.005
771.44 383.779
771.211 383.797
746.685 383.415
740.927 375.996
734.614 368.428
722.241 366.852
710.461 367.804
685.724 367.692
685.349 383.192
771.348 368.385
759.04 368.72
746.592 367.71
746.472 367.756
734.609 368.177
722.181 366.783
710.453 367.754
698.16 366.775
685.502 367.676
