779.272 442.516
738.449 444.158
697.485 445.947
656.294 447.627
614.746 449.523
573.177 451.464
531.425 453.291
489.647 455.122
447.907 457.042
778.636 401.304
737.653 403.036
696.34 404.465
654.727 406.255
613.078 407.814
571.109 409.637
529.128 411.507
487.134 413.447
445.151 415.333
778.208 359.619
736.722 361.204
695.183 362.682
653.373 364.194
611.284 365.749
569.139 367.481
526.699 369.419
484.386 371.363
441.92 373.23
777.613 317.465
735.991 318.924
694.108 320.056
651.977 321.576
609.476 323.362
567.039 325.04
524.422 326.608
481.648 328.413
439.31 330.194
776.61 274.652
734.943 275.757
692.685 277.351
650.442 278.545
607.687 279.957
565.128 281.559
522.104 283.402
479.294 285.282
436.272 287.126
776.222 231.454
734 232.613
691.546 233.582
648.902 235.188
606.097 236.417
562.9 237.806
519.658 239.545
476.645 241.412
433.445 243.131
