564.55 135.497
594.402 157.859
623.802 180.924
654.275 203.911
684.172 227.42
714.665 251.01
744.943 274.837
775.566 298.485
806.059 322.655
540.876 164.694
570.278 187.838
600.153 210.635
629.955 234.202
660.171 257.422
690.413 281.2
720.883 304.865
751.353 328.894
781.915 352.96
516.603 194.615
546.263 217.483
575.624 240.715
605.87 263.888
635.665 287.551
666.25 311.241
696.435 335.248
727.078 359.171
757.537 383.511
492.821 224.233
521.945 247.504
551.753 270.434
581.469 294.075
611.567 317.697
641.616 341.626
672.2 365.508
702.601 389.718
733.255 413.952
468.591 254.366
498.158 277.407
527.482 300.874
557.307 324.326
587.169 348.19
617.447 371.934
647.623 396.202
678.154 420.297
708.638 444.713
444.678 284.276
473.729 307.625
503.269 330.812
532.877 354.558
562.862 378.409
592.923 402.473
623.224 426.604
653.566 450.976
684.102 475.369
