572.409 189.732
599.33 206.147
626.213 222.956
654.383 240.019
682.359 257.649
711.816 275.598
741.311 294.399
771.98 313.316
802.607 332.849
549.24 210.81
575.613 227.769
602.964 244.778
630.667 262.614
659.31 280.61
688.35 299.35
718.311 318.33
748.681 337.936
779.965 357.742
524.849 232.436
551.478 249.685
578.568 267.384
606.673 285.353
634.922 304.376
664.661 323.249
694.241 342.638
725.311 362.529
756.304 383.452
500.318 254.338
526.655 272.395
554.225 290.428
581.63 308.887
610.725 328.326
639.858 348.044
670.257 367.751
700.59 388.428
732.439 409.741
474.75 277.469
501.461 295.563
528.63 314.411
556.815 333.488
585.304 353.264
614.906 373.347
644.751 394.172
675.991 415.262
707.378 437.159
448.98 300.655
475.531 319.548
502.625 338.518
530.384 358.19
559.489 378.56
588.665 399.165
619.236 420.803
649.709 442.451
682.089 464.8
