536.298 104.03
571.975 130.863
606.69 157.797
641.123 183.904
674.677 209.876
707.593 235.616
739.704 260.568
771.582 284.762
802.311 309.048
511.483 140.453
546.87 166.938
581.545 192.85
615.705 218.536
649.201 243.792
682.071 268.656
714.323 293.142
745.619 316.969
776.647 340.69
487.224 176.304
522.434 201.956
556.743 227.485
590.804 252.471
624.228 277.022
657.08 301.206
689.074 325.228
720.478 348.662
751.323 371.54
463.494 211.229
498.445 236.393
532.895 260.871
566.672 285.542
599.754 309.5
632.357 333.396
664.385 356.643
695.745 379.574
726.469 401.826
440.491 245.415
475.122 269.819
509.304 294.156
542.826 317.977
575.883 341.423
608.354 364.523
640.23 387.34
671.516 409.662
702.057 431.588
417.896 278.846
452.377 302.88
486.326 326.567
519.675 349.753
552.424 372.697
584.835 395.409
616.552 417.413
647.649 439.482
678.146 460.775
