605.5 238.73
630.408 244.052
656.322 250.062
683.367 255.849
711.495 262.457
741.119 268.705
772.552 276.19
804.942 283.452
839.151 291.499
593.796 271.968
618.386 278.431
644.009 284.734
670.845 291.697
698.766 298.727
728.238 306.561
758.746 314.251
791.069 322.792
824.466 331.473
582.108 305.59
606.388 312.307
631.714 319.743
657.881 326.94
685.951 335.417
714.799 343.523
744.97 352.519
776.429 361.448
810.112 371.556
570.144 338.553
594.339 346.552
619.412 354.374
645.311 362.788
672.93 371.408
701.541 380.81
731.15 390.203
762.515 400.569
795.399 411.071
558.853 372.21
582.421 380.317
607.304 389.222
632.922 398.102
660.162 408.034
688.281 417.746
717.888 428.55
748.677 439.338
781.228 451.027
547.131 404.963
570.665 414.312
594.685 423.471
620.296 433.615
647.025 443.688
674.85 454.831
704.23 465.949
734.525 478.094
766.467 490.306
