560.439 165.25
590.091 188.964
618.506 212.007
645.945 233.905
672.141 255.215
697.419 275.867
721.393 295.417
744.673 314.111
766.781 332.505
543.854 199.786
574.276 223.165
603.189 245.535
631.042 267.057
657.852 288.004
683.414 307.889
708.228 327.08
731.623 345.468
754.488 363.363
527.318 235.105
558.024 257.894
587.567 279.831
616.257 300.815
643.303 321.051
669.578 340.398
694.885 359.194
718.927 377.096
741.866 394.457
510.347 270.983
541.588 293.317
571.895 314.441
601.141 335.02
628.528 354.665
655.404 373.72
681.192 391.776
705.724 409.262
729.148 426.009
492.701 307.74
524.778 329.237
555.742 350.141
585.243 369.916
613.551 389.076
640.818 407.378
666.849 425.097
691.92 441.993
715.819 458.268
475.111 345.093
507.788 366.222
539.545 386.219
569.694 405.455
598.371 423.994
626.41 441.735
652.659 458.711
678.373 475.163
702.652 490.873
