531.763 359.79
553.257 335.803
575.366 311.209
598.214 285.87
621.819 259.987
645.848 232.943
671.367 205.295
697.333 176.767
724.07 147.555
550.94 386.639
572.977 362.819
595.572 338.511
619.051 313.383
643.212 287.543
668.258 260.875
693.784 233.327
720.519 205.036
747.751 175.805
570.365 413.932
592.997 390.601
616.099 366.323
639.906 341.491
664.977 315.849
690.462 289.307
716.656 262.071
743.691 233.713
772.208 204.817
590.191 441.943
613.388 418.709
637.204 394.759
661.506 370.306
687.132 344.623
713.258 318.369
739.955 291.199
767.97 263.496
796.728 234.382
610.659 470.454
634.234 447.449
658.512 423.874
683.674 399.433
709.587 374.243
736.472 348.051
764.2 321.329
792.622 293.546
822.246 265.061
631.262 499.441
655.428 476.714
680.143 453.371
705.892 429.425
732.518 404.267
759.896 378.58
788.48 351.788
817.534 324.488
847.62 295.994
