810.422 412.475
757.726 413.801
706.749 415.501
657.928 416.837
610.705 418.393
565.227 419.63
521.873 421.318
480.214 422.539
440.253 423.795
807.836 357.196
754.506 359.638
703.455 362.05
654.245 364.706
606.846 367.245
561.184 369.52
517.54 371.778
475.491 374.334
435.404 376.648
804.666 301.161
751.394 304.663
699.999 308.182
650.354 311.686
602.81 315.471
557.031 318.79
512.716 322.102
470.554 325.612
430.421 329.021
801.753 243.871
748.125 249.099
696.402 253.584
646.256 258.149
598.704 262.812
552.653 267.506
508.276 271.835
465.738 276.112
425.446 280.477
798.701 186.31
744.654 192.414
692.656 198.214
642.598 204.201
594.694 209.687
548.475 215.418
504.107 221.1
461.535 226.436
420.682 231.565
795.652 127.917
741.416 135.487
688.78 142.368
638.601 149.403
590.418 156.345
543.617 162.93
499.453 169.426
456.49 175.656
415.523 182.182
