682.24 422.4
649.916 418.158
616.026 413.763
580.139 409.043
542.239 404.212
502.18 399.222
459.397 393.805
414.44 388.141
366.905 382.235
682.58 379.651
650.589 374.45
616.67 368.699
581.072 363.008
543.233 356.735
503.24 350.342
460.931 343.512
416.034 336.395
368.613 328.751
683.52 337.469
651.336 331.062
617.535 324.445
582.315 317.209
544.305 309.859
504.529 301.906
462.803 293.643
418.219 284.904
370.678 276.056
684.335 295.482
652.174 288.102
618.526 279.974
583.427 271.625
545.469 263.188
505.996 254.015
464.451 244.18
420.043 234.168
372.928 223.478
684.408 253.842
652.902 245.263
619.328 236.235
584.173 226.756
546.864 216.901
507.405 206.419
465.672 195.448
421.535 183.831
374.814 171.65
685.255 212.488
653.386 203.094
620.517 192.6
585.442 182.093
548.176 170.912
509.249 159.147
467.334 147.007
423.558 133.858
377.162 119.86
