491.757 451.676
489.145 413.52
486.214 375.087
483.547 336.071
481.038 296.81
477.759 257.432
475.362 217.359
472.657 177.295
469.626 136.609
530.16 449.441
527.504 411.248
525.122 372.832
522.424 333.685
519.872 294.618
517.421 255.061
514.829 215.338
512.315 174.927
509.62 134.434
568.392 447.057
566.022 409.053
563.571 370.407
561.249 331.568
559.145 292.272
556.686 252.847
554.363 212.948
551.759 172.961
549.449 132.399
606.532 444.975
604.466 406.65
602.463 368.156
600.366 329.45
598.052 290.199
595.801 250.726
593.578 211.111
591.445 170.861
589.096 130.374
644.708 442.45
642.784 404.536
640.883 365.908
639.007 327.424
637.055 288.034
634.963 248.806
633.114 209.132
630.889 169.168
628.956 128.579
682.69 440.384
680.941 402.298
679.359 363.963
677.732 325.378
675.766 286.246
674.197 246.825
672.273 207.366
670.438 167.257
668.393 127.011
