483.168 444.408
482.241 409.396
481.133 375.226
480.173 342.243
479.021 309.655
478.347 277.829
477.66 247.602
476.559 217.871
476.065 188.694
521.834 441.726
520.24 406.448
518.63 372.916
517.267 339.378
515.761 307.323
514.782 275.612
513.162 245.29
512.201 215.452
510.823 186.433
560.485 438.38
558.49 404.118
556.4 370.142
554.46 336.724
552.562 304.571
550.631 273.379
549.207 242.433
547.168 212.812
545.685 184.126
599.043 436.23
596.444 401.2
594.079 367.544
591.506 334.026
589.33 302.341
587.199 270.67
584.617 240.089
582.691 210.439
580.514 181.697
637.503 433.277
634.559 398.704
631.561 364.703
628.64 331.795
626.033 299.706
623.035 268.573
620.54 238.068
617.861 208.679
615.344 179.677
676.065 430.797
672.474 396.048
669.032 362.267
665.67 329.091
662.416 297.487
659.268 265.897
656.014 235.965
653.155 206.238
650.015 177.534
