492.068 442.711
491.272 405.706
489.953 367.829
489.438 328.942
488.329 288.811
486.919 247.496
486.138 204.592
485.446 160.769
484.225 115.55
531.474 442.811
531.02 406.117
530.77 368.172
530.218 329.443
529.904 289.209
529.551 247.753
529.282 205.372
529.057 161.518
528.625 116.285
570.424 443.305
570.548 406.526
570.778 368.776
571.142 329.91
571.488 289.64
571.793 248.437
572.198 206.003
572.334 162.434
572.879 117.376
609.39 443.661
610.359 407.005
611.308 369.383
612.314 330.546
612.981 290.311
613.805 249.326
614.902 207.077
616.033 163.458
617.023 118.349
648.342 443.824
649.757 407.497
651.213 369.611
652.813 331.236
654.344 291.207
655.969 250.012
657.591 207.791
659.262 164.322
660.977 119.573
687.269 444.402
689.08 407.854
691.411 370.433
693.471 331.766
695.509 292.104
697.835 251.184
699.98 209.003
702.337 165.574
704.62 120.941
