476.192 315.552
506.831 292.938
537.663 270.447
568.615 247.763
599.939 225.264
631.182 202.448
662.58 180.162
693.727 157.401
725.321 134.924
498.478 346.541
529.324 324.092
560.109 301.604
591.224 279.09
622.338 256.532
653.687 234.117
684.922 211.458
716.378 189.058
747.606 166.523
520.823 377.534
551.591 355.144
582.494 332.757
613.51 310.322
644.855 288.01
676.054 265.356
707.47 242.982
738.683 220.359
770.13 198.237
543.089 408.486
573.957 386.357
604.878 363.953
636.013 341.697
667.189 319.234
698.475 296.907
729.71 274.394
761.219 252.171
792.374 229.644
565.491 439.571
596.26 417.369
627.244 395.236
658.301 372.841
689.452 350.653
720.71 328.266
751.991 306.071
783.308 283.621
814.523 261.403
587.708 470.458
618.531 448.486
649.492 426.314
680.552 404.288
711.708 381.9
743.049 359.71
774.203 337.435
805.504 315.262
836.741 292.874
