453.182 316.789
483.609 293.581
514.832 269.863
546.892 245.815
579.663 221.13
613.176 195.951
647.494 170.299
682.468 144.225
718.15 117.489
479.656 346.824
509.897 324.279
541.173 301.261
572.715 277.849
605.598 253.815
638.787 229.454
672.996 204.526
707.419 179.327
743.125 153.406
505.223 376.002
535.402 354.009
566.284 331.686
598.05 309.013
630.468 285.637
663.603 261.964
697.466 237.931
731.817 213.434
767.037 188.261
530.109 404.635
560.309 383.215
591.136 361.533
622.62 339.41
654.725 316.595
687.695 293.684
721.254 270.356
755.41 246.507
790.179 222.11
554.545 432.177
584.44 411.505
615.16 390.341
646.513 368.867
678.381 346.865
711.078 324.48
744.313 301.747
778.228 278.492
812.597 255.068
578.234 459.357
608.031 438.984
638.436 418.792
669.68 397.744
701.306 376.357
733.837 354.603
766.625 332.368
800.338 309.857
834.418 286.976
