463.262 328.654
495.275 309.695
526.742 291.095
558.064 272.603
589.055 254.712
619.512 236.733
649.422 219.729
678.509 202.522
708.134 186.11
482.39 354.073
514.886 334.69
546.678 315.649
578.429 296.889
609.399 278.476
640.365 260.353
670.216 242.514
700.129 225.107
728.975 207.746
501.949 380.187
534.771 360.482
567.106 341.044
599.141 321.48
630.491 302.95
661.343 284.288
692.214 266.012
721.753 247.777
751.364 230.631
522.563 406.849
555.413 387.118
588.001 366.996
620.519 347.213
652.096 327.97
683.436 309.044
714.086 289.844
744.411 271.713
773.862 253.754
543.49 435.415
576.873 414.39
610.121 394.2
642.415 373.753
674.588 354.278
705.859 334.5
737.285 315.474
767.348 296.524
797.506 278.214
565.102 464.018
598.816 443.14
632.365 421.241
665.363 401.058
697.469 380.57
729.451 360.751
760.376 341.157
791.403 321.806
821.313 302.77
