1229.86 338.377
1199.27 338.814
1169.4 339.451
1140 339.909
1111.15 340.415
1082.47 340.812
1054.3 341.248
1026.38 341.676
998.856 341.952
1230.27 310.308
1199.77 311.263
1169.77 311.885
1140.38 312.586
1111.25 313.222
1082.66 313.825
1054.4 314.433
1026.61 314.807
998.978 315.336
1231.08 282.521
1200.2 283.616
1170.29 284.537
1140.67 285.295
1111.59 286.274
1082.81 286.88
1054.74 287.527
1026.71 288.227
999.115 288.948
1231.69 254.543
1200.81 255.915
1170.66 256.951
1141.13 257.966
1111.76 259.027
1083.14 259.919
1054.79 260.732
1026.91 261.491
999.121 262.318
1232.23 226.789
1201.4 228.187
1170.97 229.54
1141.37 230.679
1112.03 231.874
1083.37 232.896
1054.94 233.934
1027 234.919
999.269 235.83
1233.16 198.306
1202 200.272
1171.57 201.621
1141.86 203.136
1112.46 204.499
1083.7 205.693
1055.11 207.004
1027.17 208.087
999.334 209.28
