1102.57 288.424
1079.83 295.008
1057.42 301.573
1034.86 308.166
1012.37 314.776
989.661 321.404
967.05 327.964
944.338 334.862
921.682 341.257
1096.15 264.973
1073.62 271.654
1051.06 278.223
1028.51 284.743
1005.92 291.382
983.181 298.008
960.533 304.671
937.785 311.166
915.089 317.848
1090.24 241.587
1067.31 248.265
1044.82 254.722
1022.2 261.301
999.479 268.043
976.679 274.678
954.133 281.109
931.4 287.712
908.441 294.397
1083.92 218.1
1061.19 224.909
1038.43 231.538
1015.96 238.011
993.015 244.644
970.271 251.088
947.6 257.711
924.775 264.207
901.751 270.848
1077.59 194.924
1054.82 201.461
1032 208.053
1009.45 214.599
986.471 221.156
963.766 227.637
940.857 234.127
918.035 240.656
895.125 247.146
1071.44 170.981
1048.33 177.635
1025.83 184.198
1003.05 190.812
980.089 197.316
957.344 203.875
934.207 210.531
911.518 216.995
888.355 223.516
