946.97 364.774
921.154 364.972
895.402 365.295
869.553 365.639
843.734 365.924
817.791 366.229
791.895 366.601
765.926 367.006
740.15 367.326
946.608 338.574
920.883 338.912
894.986 339.172
869.281 339.521
843.213 339.763
817.329 340.121
791.373 340.518
765.532 340.767
739.499 341.302
946.6 312.522
920.483 312.854
894.777 313.083
868.773 313.464
842.938 313.88
816.831 314.053
791.06 314.401
765.053 314.74
739.159 315.272
946.29 286.389
920.271 286.826
894.373 287.079
868.612 287.415
842.437 287.813
816.528 288.037
790.593 288.374
764.713 288.748
738.654 289.227
945.904 260.457
919.981 260.805
893.938 261.12
868.054 261.339
842.166 261.727
816.111 262.049
790.165 262.421
764.313 262.818
738.272 263.248
945.714 234.05
919.557 234.47
893.741 234.636
867.703 235.137
841.739 235.521
815.654 235.819
789.731 236.254
763.694 236.606
737.751 237.102
