898.339 123.61
898.185 152.432
897.39 180.867
897.373 209.284
896.896 237.521
896.307 266.068
895.883 293.777
896.272 321.546
895.347 349.113
870.201 123.946
870.075 152.687
869.841 181.357
869.485 209.48
869.202 238.2
868.811 265.935
868.758 294.386
868.391 321.747
868.236 349.69
842.453 123.992
842.341 152.893
841.894 181.381
841.942 210.004
841.88 238.441
841.855 266.499
841.449 294.279
841.233 322.205
840.989 349.803
814.505 124.377
814.344 153.056
814.837 181.729
814.629 210.329
814.295 238.709
814.126 266.717
814.22 294.626
814.162 322.354
814.03 350.146
786.609 124.713
786.687 153.39
786.549 182.112
786.642 210.342
786.648 238.933
786.65 266.939
786.539 295.073
786.602 322.806
786.465 350.495
758.426 124.879
758.199 153.807
758.541 182.232
758.889 210.783
758.724 239.042
759.208 267.311
759.282 295.367
759.175 323.143
759.024 350.913
