257.963 74.6303
258.996 105.422
259.416 135.647
260.23 165.503
260.858 195.57
260.856 225.508
261.281 254.767
263.023 284.278
262.819 313.241
226.685 73.0027
227.964 103.873
228.703 134.593
229.405 164.38
230.115 194.969
230.862 224.548
231.755 254.582
232.334 283.533
233.152 313.182
195.367 70.8034
196.535 102.259
197.464 132.967
198.66 163.336
199.82 193.954
200.854 224.186
201.385 253.622
202.291 283.066
203.229 312.525
163.413 68.6475
165.243 100.462
166.717 131.606
167.884 162.288
168.929 192.939
169.813 223.062
171.078 252.84
172.158 282.486
173.283 312.054
131.127 66.6239
133.011 98.2282
134.76 130.05
136.216 160.569
137.607 191.593
138.89 221.833
140.172 252.139
141.517 281.965
142.521 311.493
97.7891 63.8465
99.8745 96.2548
102.039 128.021
104.109 159.243
105.601 189.881
107.537 220.919
109.048 251.341
110.349 281.239
111.696 311.021
