675.006 224.231
676.25 299.164
677.328 373.648
678.755 447.876
679.508 521.497
680.453 594.546
681.297 665.529
682.328 735.61
682.989 804.32
600.163 225.162
601.612 300.265
603.068 375.246
604.508 449.572
605.842 523.644
607.291 596.361
608.774 668.248
610.12 738.361
611.598 807.719
524.708 225.96
526.366 301.534
527.898 376.576
529.752 451.461
531.569 525.367
533.696 598.568
535.471 670.718
537.638 741.415
539.688 810.387
448.951 227.246
450.892 302.944
452.834 378.288
454.956 453.245
457.352 527.205
459.519 600.576
461.983 672.87
464.63 743.618
467.537 813.032
373.248 228.922
375.286 304.584
377.607 380.08
379.923 454.903
382.542 529.056
385.529 602.354
388.521 674.552
391.844 745.449
395.066 815.025
297.281 230.464
299.822 306.354
302.257 381.773
304.962 456.635
308.325 530.834
311.303 604.3
315.094 676.237
318.54 747.459
322.463 817.194
