449.319 324.482
515.716 313.93
583.548 303.399
652.819 292.993
723.334 282.374
794.855 271.714
867.255 261.3
940.312 250.697
1014.33 240.085
461.757 392.555
527.352 382.916
594.899 373.147
663.231 363.35
733.398 353.378
804.1 343.593
875.964 333.613
948.081 323.653
1021.4 313.564
473.466 459.232
538.906 450.285
605.65 441.33
673.555 432.381
742.913 423.075
813.106 413.769
884.085 404.639
955.694 395.194
1027.92 385.597
485.388 524.807
550.241 516.483
616.327 508.241
683.667 500.141
752.151 491.315
821.632 482.675
891.837 474.1
962.678 465.181
1034.03 456.05
497.279 588.395
561.368 581.212
626.782 573.568
693.385 565.991
761.058 557.997
829.713 549.932
899.085 541.656
969.034 533.261
1039.57 524.744
508.78 650.936
572.233 644.072
636.851 637.586
702.706 630.486
769.669 623.124
837.554 615.616
905.941 607.581
975.25 599.908
1045.09 591.918
