392.195 344.003
439.905 359.796
488.23 375.818
537.07 392.198
586.55 408.667
636.474 425.403
686.827 442.301
737.312 459.262
788.143 476.333
377.105 393.473
424.59 409.415
472.487 425.741
521.213 442.227
570.342 458.968
620.062 475.813
670.115 492.725
720.349 509.813
770.867 526.979
362.069 442.418
409.293 458.66
457.014 475.139
505.171 491.853
554.284 508.656
603.612 525.672
653.329 542.859
703.278 560.047
753.618 577.149
347.241 491.043
394.322 507.47
441.699 524.185
489.56 541.082
538.259 558.005
587.333 575.184
636.653 592.421
686.472 609.651
736.454 626.826
333.279 539.134
379.455 555.848
426.777 572.648
474.289 589.708
522.518 606.802
571.298 624.029
620.352 641.327
669.826 658.488
719.403 675.813
318.733 586.802
365.159 603.483
411.667 620.639
459.048 637.807
506.981 654.964
555.385 672.406
604.194 689.533
653.15 707.052
702.471 724.339
