307.918 751.99
305.821 706.636
303.45 661.028
301.705 614.575
299.408 567.833
297.045 520.355
295.564 472.323
294.052 424.097
292.182 375.426
355.173 751.016
353.067 706.063
351.286 660.212
349.21 614.063
347.468 567.055
345.807 519.619
344.129 471.659
342.554 423.436
341.137 374.645
401.877 750.336
400.262 705.189
398.476 659.575
396.82 613.427
395.434 566.358
394.034 518.908
392.499 471.136
391 422.812
389.99 374.143
448.704 749.6
447.411 704.337
446.248 658.73
444.797 612.692
443.476 565.711
442.177 518.315
440.945 470.5
439.92 422.28
438.924 373.554
495.73 748.287
494.684 703.594
493.51 657.894
492.552 611.886
491.569 565.042
490.556 517.71
489.667 469.898
488.72 421.647
487.935 373.092
542.616 747.446
541.71 702.463
541.143 657.219
540.34 611.141
539.545 564.294
538.797 517.117
538.143 469.271
537.426 421.176
536.757 372.616
