206.661 637.595
237.845 595.397
268.751 553.092
300.204 510.912
331.419 468.532
362.659 426.012
394.468 383.835
426.22 341.977
457.541 300.04
249.35 668.809
280.35 626.631
311.454 584.544
342.56 542.173
373.988 499.91
405.46 457.477
436.938 415.217
468.426 373.136
500.014 331.246
291.923 699.958
322.978 657.862
353.944 615.678
384.968 573.555
416.502 531.208
448.043 488.881
479.374 446.561
510.721 404.37
542.24 362.442
334.41 731.117
365.577 688.96
396.783 647.011
427.774 604.963
459.211 562.572
490.462 520.162
521.839 477.96
553.278 435.776
584.598 393.801
377.425 761.703
408.269 720.099
439.352 677.976
470.475 636.083
501.751 593.836
533.079 551.542
564.416 509.329
595.65 467.14
626.796 425.155
420.012 792.555
450.918 750.628
481.932 709.127
513.115 667.19
544.323 624.945
575.591 582.721
606.836 540.51
637.94 498.422
669.006 456.416
