160.585 527.639
205.877 506.893
251.32 486.059
296.999 465.199
342.986 444.178
389.194 422.824
436.039 401.83
482.765 380.707
529.706 359.474
178.903 574.333
224.538 553.504
270.148 532.872
316.2 511.823
362.455 490.84
409.235 469.698
455.991 448.439
503.18 427.222
550.448 405.926
197.461 621.431
243.371 600.746
289.347 579.984
335.376 559.122
382.339 538.138
429.258 516.919
476.332 495.676
523.586 474.222
571.418 453.021
216.189 669.074
262.6 648.415
308.828 627.729
355.227 606.959
402.287 585.853
449.548 564.666
496.817 543.406
544.645 522.144
592.472 500.534
235.928 717.032
282.041 696.551
328.736 675.745
375.436 655.152
422.688 634.144
470.165 612.937
517.978 591.682
565.844 570.248
613.994 548.728
255.217 765.585
302.053 744.871
348.573 724.428
395.781 703.757
443.257 682.691
491.113 661.609
539.112 640.284
587.292 618.924
635.558 597.253
