297.833 356.007
335.394 379.737
373.462 404.053
412.289 428.647
451.802 453.752
491.949 479.375
533.003 505.217
574.419 531.297
616.445 557.765
275.341 397.072
312.671 421.059
350.318 445.547
388.921 470.39
427.91 495.679
467.856 521.406
508.307 547.364
549.358 573.647
590.965 600.349
253.114 437.594
290.071 461.816
327.408 486.517
365.284 511.548
404.381 537.015
443.788 562.838
483.705 589.14
524.271 615.569
565.718 642.217
231.057 477.814
267.802 502.234
304.962 527.058
342.452 552.321
381.076 577.884
420.084 603.991
459.511 630.293
499.819 656.859
540.727 683.532
210.009 517.63
245.859 542.192
282.773 567.239
320 592.606
358.133 618.326
396.753 644.386
436.004 670.803
475.942 697.41
516.247 724.247
188.375 556.95
224.49 581.648
260.61 606.848
297.659 632.327
335.421 658.158
373.59 684.448
412.702 710.677
451.919 737.59
491.984 764.464
