857.183 699.888
778.883 703.546
699.448 707.285
618.594 710.731
536.832 713.796
454.171 716.953
371.67 719.249
288.726 721.663
205.587 724.32
857.71 621.773
779.003 625.058
698.403 628.019
617.006 631.038
534.028 633.648
451.096 636.258
367.087 638.644
284.069 640.818
199.63 643.249
858.62 542.297
778.738 544.592
697.76 547.141
615.223 549.593
531.824 551.816
447.523 554.143
363.225 556.471
278.556 558.756
194.149 560.723
859.041 461.011
778.561 462.815
696.682 464.507
613.649 466.567
529.441 468.386
444.575 470.355
359.353 472.424
274.218 474.494
188.841 476.565
858.7 378.61
777.94 379.57
695.549 380.81
611.863 382.059
527.308 383.506
441.803 385.199
356.14 387.023
270.225 389.01
184.352 390.844
858.594 295.135
777.189 295.627
694.42 295.885
610.259 296.721
525.019 297.874
439 299.108
352.921 300.662
266.416 302.374
179.437 304.11
