756.952 646.714
693.693 672.419
630.944 697.797
568.359 723.044
506.182 747.768
444.186 772.282
383.697 796.08
323.513 819.908
263.75 843.517
730.698 583.571
667.746 609.422
604.815 634.964
542.498 660.286
480.318 685.202
419.135 709.707
358.361 734.105
298.621 757.956
238.815 781.942
704.607 520.532
641.615 546.35
579.121 571.999
516.549 597.481
455.025 622.568
393.746 647.477
333.255 672.1
273.335 696.365
214.518 720.276
678.393 457.528
615.805 483.529
553.3 509.236
491.113 534.863
429.826 560.186
368.823 585.206
308.407 610.087
249.014 634.548
190.263 658.84
652.393 395.143
589.875 420.895
527.794 446.744
465.991 472.361
404.965 497.824
344.312 523.216
284.506 548.174
225.431 573.037
166.787 597.488
626.482 332.974
564.508 359.008
502.401 384.625
441.02 410.442
380.25 436.148
319.837 461.532
260.574 486.814
201.607 511.731
143.062 536.526
