849.098 903.62
793.833 870.756
738.11 837.708
681.557 803.969
624.367 769.823
566.386 735.015
508.255 699.518
449.732 663.791
391.221 627.814
883.506 846.461
828.699 813.577
773.259 780.108
717.058 746.331
660.029 711.637
602.472 676.622
544.308 641.112
486.045 605.301
427.372 569.093
918.071 789.704
863.437 756.422
808.42 722.776
752.534 688.616
695.783 653.78
638.367 618.382
580.619 582.826
522.334 546.873
464.012 510.571
952.23 732.878
897.931 699.321
843.163 665.311
787.973 630.987
731.294 595.807
674.289 560.402
616.728 524.527
558.792 488.45
500.473 452.126
985.511 675.948
931.986 642.26
877.637 608.054
822.557 573.261
766.624 538.089
709.888 502.393
652.7 466.431
594.92 430.37
537.054 394.043
1018.95 619.494
965.562 585.553
911.953 550.92
857.302 516.125
801.536 480.582
745.324 444.865
688.274 408.801
631.127 372.593
573.406 336.307
