784.815 766.638
729.584 766.867
672.228 767.045
612.15 766.973
549.667 766.736
484.433 766.389
416.71 765.448
346.432 764.563
273.539 763.583
790.408 705.964
735.463 705.146
677.759 703.758
617.942 702.524
555.162 700.838
490.204 699.023
422.332 696.968
352.275 694.641
279.234 692.137
796.396 645.348
741.08 642.944
683.846 640.415
623.917 637.82
561.247 634.756
495.902 631.528
428.614 628.159
358.307 624.556
285.539 620.501
802.129 584.24
746.978 580.625
689.468 576.709
630.039 572.718
567.174 568.336
502.192 563.734
434.611 559.023
364.656 553.891
291.76 548.595
807.207 523.109
752.434 518.075
695.294 512.968
635.524 507.458
573.314 501.724
508.299 495.816
440.973 489.566
370.924 483.322
298.464 476.529
812.607 461.871
757.978 455.683
701.124 449.102
641.703 442.349
579.354 435.359
514.752 427.998
447.338 420.48
377.803 412.635
305.39 404.628
