1012.18 830.206
924.565 814.14
844.251 799.467
770.038 785.804
701.283 772.908
637.374 760.762
579.299 749.312
524.848 738.747
474.496 728.615
1016.01 739.524
929.016 727.59
848.458 716.478
774.507 706.234
705.527 696.37
642.185 687.231
583.149 678.608
528.876 670.539
478.038 662.865
1019.79 649.33
932.937 641.202
852.761 633.679
778.139 626.622
709.93 620.009
646.11 613.685
586.827 607.837
532.024 602.353
481.897 597.147
1023.13 559.315
936.679 555.169
856.553 551.044
782.072 547.296
714.006 543.702
650.21 540.356
590.787 537.176
536.214 534.25
485.714 531.535
1026.56 470.172
940.049 469.485
860.137 468.95
786.261 468.245
717.954 467.734
654.376 467.343
595.523 466.941
540.976 466.652
490.312 466.296
1029.07 381.666
943.121 384.894
863.13 387.392
789.506 390.043
721.427 392.552
657.813 394.862
599.628 397.25
544.774 399.276
494.229 401.385
