306.678 808.153
312.508 755.775
318.004 705.34
323.669 656.589
328.922 609.545
334.185 563.881
339.599 520.374
344.757 478.246
349.681 437.494
356.882 807.797
361.632 755.105
366.572 704.431
371.095 655.456
375.804 608.153
380.271 562.353
384.62 518.336
388.98 475.956
393.309 435.038
407.602 807.22
411.736 754.409
415.468 703.469
419.24 654.07
423.048 606.572
426.845 560.535
430.219 516.215
433.643 473.409
437.33 432.54
459.25 806.645
462.252 753.633
465.373 702.358
468.036 652.626
471.156 605.001
473.759 558.736
476.479 514.122
479.161 471.275
481.93 430.079
511.558 806.05
513.755 752.731
515.581 701.209
517.736 651.438
519.627 603.431
521.617 557.014
523.524 512.308
525.347 469.278
527.194 427.754
564.555 805.392
565.517 751.734
566.697 699.813
567.6 649.864
568.819 601.62
569.726 554.813
571.033 510.276
571.8 466.757
572.848 425.292
