311.828 685.241
307.959 639.121
303.93 591.435
300.345 542.06
296.029 490.841
291.816 437.566
288.244 382.784
284.109 326.233
280.304 267.744
363.59 686.58
360.412 640.745
357.484 592.848
354.321 543.756
351.268 492.036
348.372 439.215
345.208 383.945
342.273 327.559
339.2 268.651
414.787 688.583
412.558 642.374
410.703 594.78
408.341 545.333
406.64 493.756
404.133 440.604
402.16 385.66
400.216 328.78
398.328 270.188
466.532 690.287
465.518 644.013
464.101 596.379
463.028 546.835
461.793 495.262
460.758 442.146
459.658 387.126
458.467 330.34
457.79 271.554
518.486 691.406
518.282 645.536
517.979 597.704
517.873 548.247
517.742 496.858
517.554 443.62
517.495 388.604
517.476 331.643
517.578 273.06
570.72 692.853
571.356 646.964
572.291 599.206
572.697 549.845
573.623 498.488
574.298 445.298
575.222 390.079
576.181 333.413
577.433 274.647
