226.753 413.813
286.846 409.587
346.091 405.5
404.566 401.587
462.445 397.683
519.479 393.85
575.518 390.25
630.468 386.637
684.434 383.27
233.033 472.263
292.55 467.624
351.363 463.259
409.397 458.765
466.851 454.556
523.414 450.315
579.157 446.143
633.719 442.122
687.439 438.146
239.196 529.755
298.322 524.827
356.683 520.027
414.203 515.429
471.275 510.542
527.434 505.961
582.814 501.511
637.124 496.949
690.202 492.408
245.416 586.622
304.164 581.269
362.008 576.115
419.221 571.207
475.631 565.835
531.445 560.875
586.303 555.963
640.215 551.035
692.926 545.965
252.056 642.214
310.039 636.772
367.495 631.221
424.082 625.824
480.022 620.354
535.344 614.886
589.665 609.478
643.115 603.917
695.511 598.581
258.279 697.352
316.011 691.113
372.775 685.581
429.06 679.821
484.569 673.837
539.431 668.128
593.128 662.031
646.18 656.408
698.087 650.509
