648.762 777.627
650.222 720.855
651.312 663.956
653.034 606.654
654.042 549.414
655.19 491.87
656.608 434.511
658.124 377.335
658.944 320.83
706.348 779.492
707.619 722.611
709.251 665.475
710.418 608.146
711.876 550.468
713.137 493.029
714.372 435.373
715.397 378.239
716.643 321.159
763.89 781.5
765.495 724.282
766.825 667.057
768.432 609.605
769.735 551.827
771.165 493.887
772.315 436.386
773.371 378.942
774.221 321.882
821.895 783.3
823.423 725.943
825.11 668.421
826.745 610.999
827.945 553.033
829.048 495.208
830.386 437.411
831.354 379.889
832.328 322.558
879.799 784.612
881.673 727.466
883.19 669.84
884.844 612.166
886.191 554.328
887.446 496.356
888.526 438.548
889.427 380.919
890.068 323.622
938.173 786.314
939.647 728.792
941.78 671.352
943.298 613.56
944.578 555.511
945.761 497.539
946.615 439.559
947.606 381.917
948.401 324.479
