683.672 746.021
641.692 720.308
599.456 694.439
556.985 668.253
514.344 641.881
471.418 615.53
428.76 588.718
386.108 562.042
343.582 535.389
710.431 704.555
668.246 678.708
626.036 652.511
583.371 626.221
540.697 599.61
497.746 572.866
454.884 546.207
412.138 519.368
369.377 492.532
737.287 662.943
695.12 636.79
652.758 610.431
610.053 583.961
567.26 557.083
524.269 530.193
481.312 503.321
438.17 476.568
395.457 449.497
764.302 621.006
722.183 594.474
679.708 567.886
637.194 541.141
594.049 514.295
551.013 487.286
507.81 460.325
464.885 433.216
421.736 406.28
791.332 578.381
749.321 551.93
706.772 525.142
664.161 498.255
621.191 471.124
577.971 444.079
534.898 416.863
491.62 389.896
448.596 362.692
818.517 535.877
776.392 509.124
734.025 482.096
691.415 454.998
648.202 427.909
605.184 400.555
561.799 373.434
518.699 346.162
475.358 319.222
