757.939 633.015
701.983 642.058
649.702 650.191
600.493 658.12
554.246 665.202
510.43 671.822
470.391 677.991
432.13 684.089
396.124 689.305
748.57 567.858
693.529 578.94
641.842 589.146
593.451 598.712
547.802 607.598
505.031 615.934
464.755 623.852
427.081 631.156
391.211 638.07
738.985 503.936
684.926 517.044
634.208 528.873
585.892 540.337
541.602 551.012
499.193 561.096
459.067 570.274
421.519 579.148
386.737 587.454
729.415 441.453
676.738 456.273
626.504 470.222
579.128 483.089
535.373 495.425
493.446 506.77
453.765 517.649
416.876 527.91
382.267 537.645
720.816 380.371
668.443 396.854
619.239 412.366
572.818 426.986
529.415 440.668
488.155 453.839
449.475 466.023
412.892 477.743
378.534 488.607
711.686 320.852
660.698 338.948
611.648 355.798
565.994 371.974
523.258 387.413
482.431 401.58
444.68 415.549
408.337 428.081
374.341 440.451
