693.053 724.384
647.822 709.4
600.89 693.667
551.995 677.217
501.315 660.026
448.559 642.264
393.695 623.292
337.028 603.884
278.563 583.516
708.1 673.267
663.499 657.416
617.265 640.778
569.185 623.496
519.125 605.395
467.32 586.407
413.47 566.947
357.92 546.469
300.157 525.364
723.053 623.035
678.955 606.42
633.502 588.864
586.392 570.783
536.95 551.715
485.81 532.098
433.302 511.44
378.518 490.425
321.83 468.3
737.643 573.709
694.225 556.114
649.383 537.913
603.303 518.692
554.413 499.236
504.37 478.573
452.618 457.389
398.976 435.243
343.131 412.666
751.419 525.051
709.114 506.867
664.942 487.75
619.34 468.1
571.795 447.486
522.416 426.427
471.514 404.306
418.524 381.808
364.124 358.19
765.424 477.511
723.513 458.585
680.55 438.621
635.625 418.144
588.657 397.207
540.49 374.99
489.931 352.741
438.534 329.081
384.815 305.202
