421.696 543.69
462.101 540.885
502.308 538.069
542.221 535.376
581.944 532.597
621.455 529.865
660.472 527.161
699.061 524.403
737.327 521.649
424.863 583.504
465.16 580.45
505.045 577.671
544.899 574.659
584.418 571.867
623.742 568.983
662.585 566.052
700.944 563.191
739.162 560.32
428.31 622.81
468.241 619.721
508.02 616.694
547.559 613.766
586.897 610.652
625.968 607.637
664.705 604.694
703.055 601.678
740.89 598.497
431.413 661.896
471.273 658.621
510.816 655.524
550.262 652.43
589.343 649.181
628.278 646.032
666.746 642.972
704.899 639.704
742.59 636.435
434.855 700.272
474.258 697.16
513.852 693.758
552.782 690.618
591.859 687.289
630.365 683.933
668.637 680.634
706.65 677.29
743.978 673.918
437.937 738.536
477.398 735.08
516.544 731.854
555.534 728.486
594.171 725.024
632.693 721.602
670.616 717.918
708.485 714.612
745.734 711.053
