468.182 780.125
469.108 742.384
469.829 704.659
470.865 666.84
471.784 628.952
472.427 590.928
473.546 552.884
474.862 514.922
475.72 477.124
506.407 779.821
507.123 742.301
508.147 704.811
508.836 667.12
509.935 629.398
510.818 591.495
511.848 553.724
512.769 515.94
513.973 478.195
544.056 779.528
544.935 742.181
545.737 704.802
546.649 667.483
547.652 629.832
548.699 592.059
549.726 554.487
550.606 516.902
551.636 479.426
581.498 779.321
582.363 742.085
583.492 704.842
584.451 667.728
585.253 630.149
586.133 592.712
587.225 555.355
588.269 518.019
589.188 480.48
618.492 778.573
619.481 741.913
620.398 704.742
621.42 667.827
622.354 630.529
623.318 593.389
624.302 556.078
625.25 518.867
626.217 481.717
655.271 778.245
655.973 741.539
657.277 704.761
658.314 668.03
659.082 630.946
660.188 593.957
661.057 556.771
662.078 519.873
662.872 482.864
