353.768 620.12
385.451 591.085
416.818 561.923
448.671 532.882
480.497 503.638
512.259 474.337
544.265 445.121
576.295 416.264
607.917 387.057
383.685 651.496
415.163 622.416
446.601 593.613
478.28 564.361
510.086 535.409
541.889 506.167
573.64 477.123
605.422 448.024
637.216 419.194
413.412 682.575
444.75 653.798
476.105 624.837
507.629 596.039
539.444 566.866
571.271 537.907
602.944 508.847
634.577 479.814
666.099 450.933
442.798 713.623
474.209 684.841
505.763 656.237
537.209 627.43
568.774 598.341
600.361 569.349
631.978 540.521
663.548 511.537
695.025 482.634
472.479 744.074
503.639 715.637
535 686.992
566.419 658.344
597.835 629.492
629.376 600.607
660.783 571.778
692.187 542.927
723.5 514.115
501.674 774.617
532.743 746.047
564.073 717.724
595.477 689.235
626.701 660.377
658.235 631.728
689.486 602.9
720.789 574.196
751.848 545.368
