936.737 626.566
875.996 629.463
815.767 632.077
755.695 634.63
696.199 637.149
636.901 639.518
578.793 641.662
521.344 643.857
464.815 645.802
933.266 566.317
872.701 569.292
812.408 572.114
752.619 575.007
693.017 577.681
634.13 580.329
575.8 583.11
518.666 585.496
461.958 587.966
929.707 506.094
869.137 509.359
809.213 512.361
749.275 515.47
690.091 518.462
631.028 521.472
573.01 524.329
515.641 527.387
459.476 530.106
925.878 446.266
865.627 449.605
805.584 453.041
746.207 456.085
686.863 459.523
628.382 462.737
570.247 466.077
513.218 469.277
456.922 472.657
921.736 386.739
861.76 390.3
802.157 393.799
742.66 397.345
683.962 400.849
625.458 404.559
567.75 408.013
510.782 411.916
454.86 415.419
917.631 327.763
857.923 331.481
798.38 335.032
739.499 338.68
680.629 342.772
622.609 346.488
565.074 350.707
508.562 354.496
452.643 358.636
