797.951 772.149
748.018 732.724
698.334 693.32
648.743 653.772
599.364 614.46
549.976 575.399
501.595 536.349
453.591 497.847
406.438 459.786
836.436 721.576
786.71 682.434
737.136 643.215
687.632 604.157
638.319 565.052
589.328 526.115
540.632 487.662
492.787 449.528
445.296 411.897
874.613 671.452
824.924 632.504
775.602 593.61
726.324 554.782
677.09 516.042
627.998 477.433
579.707 439.218
531.502 401.58
484.386 364.467
912.18 621.677
862.757 583.014
813.454 544.365
764.775 505.649
715.299 467.474
666.59 429.377
618.097 391.517
570.445 354.267
522.813 317.487
948.89 572.32
899.955 534.031
850.949 495.621
802.101 457.437
753.37 419.478
704.515 381.772
656.454 344.471
608.354 307.765
561.353 271.491
985.345 523.597
936.488 485.601
887.982 447.346
839.469 409.551
790.515 372.12
742.357 334.896
693.67 298.168
646.551 261.678
599.061 225.731
