858.661 426.835
815.655 469.676
771.694 512.996
727.324 556.985
681.956 601.115
636.344 645.724
590.609 690.392
544.879 735.32
498.621 779.991
813.795 385.267
770.452 427.409
726.859 469.976
682.491 513.145
637.74 556.632
592.369 600.568
547.118 644.752
501.467 688.753
455.781 733.108
769.13 344.375
726.474 385.89
683.021 427.671
638.808 470.208
594.354 513.072
549.568 556.356
504.262 599.566
459.132 643.28
413.973 686.96
725.792 305.133
683.423 345.324
640.064 386.546
595.933 428.228
552.21 470.469
507.523 512.891
462.794 555.625
417.921 598.603
373.407 641.853
683.148 266.24
640.97 306.215
597.853 346.512
554.643 387.462
510.633 428.813
466.819 470.79
422.497 512.781
378.466 555.268
334.009 597.597
641.934 229.443
600.709 267.862
557.076 307.617
513.666 347.467
470.767 388.408
426.705 429.424
383.496 471.154
339.368 512.439
295.506 554.427
