605.676 292.011
606.311 351.609
606.605 412.26
607.67 472.907
607.958 534.268
608.56 595.86
608.924 657.115
609.864 718.21
610.363 779.293
547.213 287.705
547.419 348.956
547.724 410.294
548.084 472.39
548.529 534.702
548.993 597.357
549.741 659.844
550.337 722.229
551.017 784.546
486.422 283.607
486.351 345.676
486.277 408.401
486.742 471.521
486.818 535.161
487.491 598.867
488.108 662.761
488.92 726.342
489.469 789.71
423.653 279.394
423.1 342.691
422.951 406.337
423.237 470.929
423.229 535.368
423.422 600.524
424.207 665.516
424.861 730.409
425.701 794.951
358.007 275.408
357.569 339.566
357.197 404.625
357.028 469.95
357.056 535.775
357.421 601.888
357.807 668.156
358.633 734.153
359.418 800.069
290.819 270.994
289.819 336.445
289.475 402.559
289.07 469.293
289.042 536.217
289.058 603.679
289.344 670.83
289.954 738.244
290.71 805.498
