1073.41 251.436
1074.26 311.706
1074.52 373.094
1075.4 434.435
1075.15 496.636
1075.12 559.141
1074.8 621.618
1074.62 684.197
1073.96 747.102
1009.4 254.496
1009.68 314.474
1010.26 374.545
1010.32 435.486
1010.34 496.6
1010.07 558.229
1009.75 620.004
1009.12 681.827
1008.41 743.852
946.566 257.642
947.057 316.537
947.039 376.143
947.247 436.103
946.966 496.598
946.696 557.433
946.052 618.466
945.439 679.587
944.405 740.592
885.75 260.538
885.599 318.949
885.747 377.455
885.552 436.86
885.274 496.457
884.544 556.588
883.878 616.853
883.064 677.249
882.198 737.512
825.77 263.978
825.828 321.132
825.559 379.222
825.222 437.531
824.632 496.49
824.116 555.754
823.202 615.283
822.492 674.765
821.376 734.251
767.877 266.667
767.441 323.355
766.975 380.454
766.264 438.378
765.749 496.426
764.738 555.145
764.026 613.613
762.848 672.355
761.935 731.111
