757.603 457.751
702.666 456.146
648.022 454.423
593.419 452.804
539.109 451.187
485.08 449.652
431.918 448.121
379.192 446.716
327.11 445.225
759.507 402.62
704.357 401.046
649.418 399.405
594.664 397.965
540.143 396.444
486.104 395.023
432.474 393.854
379.562 392.516
326.994 391.399
761.414 347.115
705.935 345.66
650.922 343.995
595.805 342.702
541.303 341.38
486.797 340.241
432.982 339.029
379.696 338.155
327.246 337.187
763.146 291.351
707.705 289.836
652.336 288.519
597.27 287.059
542.451 286.165
487.911 284.986
433.706 284.134
380.417 283.282
327.466 282.647
764.85 235.276
709.328 233.903
653.881 232.573
598.619 231.417
543.734 230.374
488.988 229.653
434.901 228.839
381.224 228.41
328.205 227.824
766.599 179.106
711.041 177.75
655.268 176.359
600.041 175.242
544.799 174.671
490.121 173.835
435.764 173.436
381.973 172.893
328.59 172.521
