818.693 777.829
768.264 782.129
717.825 786.279
667.33 790.366
616.788 794.274
566.306 798.139
516.202 801.56
466.326 805.149
416.665 808.449
815.022 728.055
764.44 732.421
713.803 736.453
663.114 740.623
612.446 744.49
561.832 748.319
511.467 752.066
461.48 755.634
411.578 759.171
811.427 677.988
760.626 682.213
709.837 686.309
658.869 690.573
608.154 694.41
557.3 698.356
506.764 702.185
456.532 706.068
406.729 709.475
807.641 627.528
756.726 631.647
705.719 635.824
654.782 639.971
603.769 644.009
552.829 647.89
502.137 651.938
451.803 655.744
401.759 659.481
803.582 576.477
752.777 580.704
701.618 584.916
650.58 589.051
599.525 593.085
548.458 597.182
497.703 601.11
447.121 605.172
397.053 608.983
799.653 525.388
748.686 529.548
697.413 533.683
646.309 537.777
595.018 542.016
543.921 546.119
493.039 550.2
442.584 554.208
392.269 558.278
