719.45 531.455
672.736 560.486
626.542 588.965
581.183 617.323
536.173 644.933
491.732 672.197
448.718 698.627
406.413 724.915
364.695 750.388
689.665 484.927
642.822 514.384
596.738 543.307
551.254 571.942
506.442 600.025
462.372 627.619
419.155 654.893
376.987 681.28
335.136 707.515
659.474 438.05
612.792 467.952
566.688 497.086
521.114 526.357
476.619 554.726
432.645 582.969
389.35 610.619
347.087 637.759
305.783 664.222
629.079 390.922
582.572 421.054
536.584 450.968
491.1 480.405
446.772 509.34
402.664 537.756
359.592 565.98
317.486 593.575
276.324 620.598
598.617 343.496
552.223 374.036
506.252 404.209
461.048 433.954
416.602 463.293
372.966 492.448
330.068 520.867
288.088 549.011
246.992 576.464
568.09 296.089
521.769 326.78
475.721 357.467
430.754 387.607
386.526 417.51
342.824 446.929
300.376 475.847
258.3 504.256
217.235 532.263
