1051.29 615.38
1051.17 596.642
1050.58 577.392
1050.26 558.629
1049.35 539.978
1048.88 521.041
1048.58 501.582
1048.09 482.973
1047.33 463.505
1071.2 616.277
1070.77 597.207
1070.48 578.244
1069.89 559.012
1069.45 539.815
1068.88 520.654
1068.59 501.437
1067.88 482.157
1067.31 462.971
1090.97 616.911
1090.92 598.009
1090.18 578.748
1090.12 559.038
1089.09 540.051
1089.27 520.475
1088.59 500.897
1087.78 481.638
1087.42 462.212
1111.8 617.825
1111.39 598.715
1111.27 579.201
1110.62 559.222
1110.6 539.897
1109.68 520.401
1108.96 500.687
1108.95 481.156
1108.2 461.342
1132.78 618.58
1132.56 599.179
1132.13 579.448
1131.79 559.58
1131.17 539.997
1130.82 520.207
1130.39 500.413
1129.97 480.617
1129.27 460.619
1154.42 619.546
1153.76 599.726
1153.49 579.636
1153.24 559.941
1152.99 540.293
1152.71 520.308
1152.45 500.327
1151.63 479.989
1150.86 459.987
