1138.08 447.59
1149.33 463.438
1160.03 479.479
1171.1 495.192
1181.96 510.938
1193.21 526.991
1204.11 542.771
1214.99 558.054
1225.94 573.975
1119.82 458.24
1130.68 473.887
1141.76 489.761
1152.5 505.318
1163.54 521.233
1174.24 536.683
1185.37 552.427
1195.99 567.822
1206.98 583.412
1101.85 468.419
1112.96 483.94
1123.48 499.692
1134.57 515.376
1145.04 531.001
1156.32 546.318
1166.72 561.871
1177.5 577.406
1188.2 592.728
1084.33 478.667
1095.09 494.22
1105.85 509.538
1116.63 525.209
1127.59 540.513
1137.83 555.959
1148.53 571.442
1159.46 586.48
1169.84 601.813
1067 488.542
1077.75 504.018
1088.35 519.4
1098.94 534.554
1109.56 549.998
1120.17 565.247
1130.75 580.467
1141.36 595.559
1151.76 610.692
1049.94 498.585
1060.53 513.837
1071.15 529.035
1081.9 544.221
1092.16 559.2
1102.81 574.585
1113.27 589.509
1123.77 604.675
1134.11 619.651
