1211.32 515.801
1196.19 530.246
1181.47 544.217
1167.03 557.912
1152.96 571.418
1139 584.822
1125.59 597.633
1112.51 610.295
1099.51 622.532
1193.52 502.622
1178.71 517.256
1164.33 531.293
1150.3 545.002
1136.35 558.594
1122.78 571.854
1109.52 585.005
1096.61 597.688
1083.92 610.225
1176.17 489.667
1161.63 504.319
1147.51 518.356
1133.56 532.424
1119.92 545.969
1106.74 559.449
1093.74 572.482
1080.83 585.306
1068.4 597.841
1158.6 476.918
1144.53 491.408
1130.7 505.651
1116.99 519.615
1103.83 533.507
1090.64 546.784
1077.81 560.04
1065.41 572.849
1053.11 585.544
1141.74 463.97
1127.73 478.632
1114.13 492.914
1100.92 507.003
1087.69 520.761
1074.92 534.286
1062.35 547.662
1050.04 560.483
1037.97 573.192
1124.57 451.285
1110.91 465.957
1097.55 480.353
1084.53 494.519
1071.71 508.336
1058.94 521.932
1046.8 535.305
1034.59 548.279
1022.78 561.174
