65.3333 592.305
64.3616 572.674
63.0703 552.666
61.7785 532.961
60.5614 513.429
59.3634 493.58
58.2853 473.184
57.3388 453.653
55.867 433.25
85.7027 591.674
84.5689 572.234
83.495 552.414
82.196 532.674
81.2611 512.787
79.8992 492.976
79.0261 472.949
77.7361 452.989
76.7802 432.993
105.509 591.2
104.847 571.77
103.228 552.213
102.454 532.04
101.099 512.61
100.477 492.486
99.1821 472.285
97.7389 452.715
97.0618 432.516
125.705 590.734
124.795 571.469
123.915 551.611
122.653 531.557
121.848 511.804
120.576 492.055
119.335 472.015
118.671 452.211
117.428 432.041
145.808 590.277
145.014 570.825
143.726 551.114
142.926 531.197
141.704 511.439
140.865 491.493
139.687 471.682
138.912 451.753
137.649 431.586
165.826 589.844
164.654 570.3
163.652 550.383
162.965 530.776
161.983 511.263
161.227 491.412
160.212 471.542
159.237 451.351
157.899 431.477
