76.4623 477.071
96.2321 476.993
115.897 477.012
135.404 476.982
155.01 476.983
174.263 476.985
193.571 476.934
212.579 476.883
231.551 476.833
77.4445 495.791
97.4363 495.683
116.873 495.593
136.481 495.464
155.71 495.543
175.234 495.41
194.174 495.337
213.37 495.281
232.054 495.143
78.5509 514.255
98.1959 514.08
117.837 514.03
137.187 513.812
156.695 513.787
175.736 513.516
195.05 513.51
213.748 513.434
232.947 513.412
79.3788 532.73
99.336 532.55
118.749 532.385
138.087 532.241
157.432 531.959
176.664 531.793
195.534 531.718
214.561 531.432
233.425 531.41
80.617 551.011
100.179 550.786
119.624 550.658
139.056 550.444
158.273 550.281
177.399 549.971
196.372 549.814
215.343 549.528
233.955 549.372
81.4956 569.262
101.397 569.058
120.481 568.75
139.887 568.561
158.947 568.297
178.117 567.934
197.109 567.669
215.854 567.472
234.631 567.311
