950.176 167.243
979.283 177.807
1008.66 188.528
1038.62 199.445
1068.97 210.46
1099.83 221.737
1131.16 233.044
1163.15 244.397
1195.59 255.998
937.963 197.05
966.55 207.629
995.675 218.587
1024.97 229.482
1054.94 240.739
1085.21 252.084
1116.1 263.538
1147.12 275.035
1179.25 286.852
926.006 225.849
954.272 236.61
982.789 247.666
1011.78 258.757
1041.22 270.053
1071.09 281.492
1101.29 293.138
1131.99 304.821
1163.21 316.662
914.228 254.269
942.136 265.125
970.331 276.222
998.813 287.459
1027.79 298.79
1057.16 310.451
1086.86 322.215
1117.05 334.032
1147.74 345.915
902.799 282.055
930.243 292.973
957.992 304.239
986.169 315.543
1014.66 327.023
1043.6 338.647
1072.79 350.461
1102.57 362.45
1132.56 374.484
891.437 309.343
918.54 320.426
945.887 331.706
973.683 343.107
1001.75 354.63
1030.28 366.43
1059.12 378.225
1088.31 390.312
1117.91 402.4
