44.7288 361.737
61.5031 361.839
78.4032 362.217
94.6938 362.536
111.409 362.652
127.527 363.011
143.928 363.493
159.922 363.885
176.093 363.971
42.0769 373.927
59.2214 374.492
77.4508 368.007
91.5392 381.665
109.025 375.38
125.76 375.78
143.157 368.801
158.325 376.372
174.395 376.272
39.3511 386.996
56.3991 387.651
73.4943 387.356
90.3121 387.669
107.901 381.994
123.633 388.233
140.101 388.141
157.301 382.605
173.506 383.289
36.4021 400.442
53.9536 400.545
70.8269 400.839
87.92 401.02
104.527 401.447
121.518 401.382
137.924 401.421
154.584 401.61
170.951 401.507
33.888 413.678
51.2544 413.917
68.4729 414.121
85.5051 414.401
102.475 414.517
119.327 414.634
136.076 414.87
152.549 415.045
169.218 415.042
30.9123 427.476
48.5121 427.456
65.9864 427.561
83.0086 427.82
100.28 427.834
117.092 428.029
134.111 428.156
150.616 428.267
167.491 428.261
