157.3 377.327
156.694 393.232
155.858 409.082
155.398 424.9
154.756 440.918
154.174 457.108
153.582 473.207
153.206 489.103
152.484 505.242
140.318 376.9
139.619 392.884
139.144 408.644
138.438 424.671
137.774 440.681
137.223 456.781
136.686 472.898
136.047 488.96
135.569 505.126
123.41 376.361
122.881 392.34
121.963 408.284
121.523 424.285
120.616 440.422
120.319 456.465
119.526 472.608
119.019 488.673
118.281 504.988
106.242 375.747
105.528 391.886
105.038 407.809
104.213 423.938
103.843 440.005
103.039 456.247
102.275 472.343
101.801 488.545
101.292 504.777
89.183 375.403
88.529 391.461
87.6947 407.485
87.1641 423.472
86.3399 439.691
85.7521 455.79
85.1093 472.164
84.5248 488.312
83.6943 504.628
71.5997 374.912
71.0468 391.095
70.3388 406.956
69.6896 423.271
69.0671 439.262
68.1824 455.643
67.6268 471.702
66.9799 488.156
66.322 504.448
