75.9876 347.738
87.8215 359.501
99.7763 371.382
111.46 383.034
123.399 394.849
135.1 406.565
146.853 418.347
158.464 429.832
170.207 441.531
62.7173 358.612
74.8848 370.641
86.6912 382.318
98.7736 394.264
110.477 405.957
122.417 417.782
134.161 429.413
145.994 441.151
157.561 452.653
49.578 369.559
61.7388 381.44
73.779 393.405
85.7118 405.122
97.7155 417.062
109.63 428.737
121.447 440.514
133.236 452.176
145.008 463.958
36.0745 380.58
48.4991 392.653
60.5671 404.4
72.7186 416.403
84.6566 428.144
96.7497 440.095
108.501 451.686
120.586 463.546
132.358 475.193
22.7981 391.803
35.1409 403.731
47.3638 415.708
59.4618 427.551
71.6685 439.543
83.6958 451.269
95.7667 463.159
107.655 474.784
119.652 486.576
9.16809 402.973
21.6988 415.09
33.9436 426.904
46.287 438.897
58.4098 450.727
70.6149 462.668
82.6483 474.471
94.7333 486.27
106.76 497.988
