1070.23 480.013
1082.04 468.552
1093.96 456.613
1105.83 444.905
1117.91 432.927
1129.94 420.965
1142.41 408.737
1154.74 396.666
1167.29 384.243
1082.54 490.964
1094.53 479.224
1106.42 467.647
1118.68 455.473
1130.79 443.866
1143.26 431.597
1155.47 419.672
1168.12 407.2
1180.68 394.974
1095 501.571
1107.04 490.201
1119.01 478.232
1131.33 466.456
1143.51 454.441
1156.2 442.502
1168.73 430.2
1181.37 417.971
1194.29 405.617
1107.61 512.844
1119.67 500.948
1131.86 489.37
1144.32 477.284
1156.69 465.563
1169.5 453.285
1181.94 441.161
1195.03 428.701
1207.85 416.485
1120.3 523.772
1132.51 512.215
1144.95 500.317
1157.39 488.438
1170.04 476.456
1182.79 464.392
1195.67 452.19
1208.71 439.888
1221.9 427.34
1133.11 535.053
1145.54 523.268
1157.94 511.426
1170.64 499.602
1183.47 487.608
1196.21 475.441
1209.33 463.383
1222.62 450.905
1235.83 438.472
