934.727 288.888
909.143 297.39
883.822 305.73
858.529 314.278
833.336 322.765
808.084 331.093
783.134 339.486
758.192 348.1
733.338 356.263
926.381 263.353
901.126 271.976
875.544 280.565
850.405 288.974
825.011 297.588
799.802 306.033
774.766 314.623
749.967 322.908
725.039 331.446
918.539 237.905
892.732 246.708
867.483 255.096
842.085 263.839
816.876 272.482
791.576 281.179
766.707 289.461
741.682 298.033
716.806 306.534
910.261 212.456
884.737 221.32
859.243 230.19
834.008 238.639
808.563 247.436
783.35 255.894
758.384 264.552
733.425 273.064
708.473 281.715
902.118 187.249
876.524 196.01
850.948 204.847
825.774 213.571
800.339 222.257
775.154 230.915
750.068 239.539
725.152 248.202
700.281 256.776
893.897 161.338
868.132 170.295
842.842 179.157
817.333 188.004
791.933 196.78
766.885 205.586
741.56 214.459
716.82 223.049
691.762 231.761
