0.0000000e+000  0.0000000e+000
4.0000000e+001  0.0000000e+000
8.0000000e+001  0.0000000e+000
1.20000000e+002  0.0000000e+000
1.60000000e+002  0.0000000e+000
2.00000000e+002  0.0000000e+000
2.40000000e+002  0.0000000e+000
2.80000000e+002  0.0000000e+000
3.20000000e+002  0.0000000e+000
0.0000000e+000  4.0000000e+001
4.0000000e+001  4.0000000e+001
8.0000000e+001  4.0000000e+001
1.20000000e+002  4.0000000e+001
1.60000000e+002  4.0000000e+001
2.00000000e+002  4.0000000e+001
2.40000000e+002  4.0000000e+001
2.80000000e+002  4.0000000e+001
3.20000000e+002  4.0000000e+001
0.0000000e+000  8.0000000e+001
4.0000000e+001  8.0000000e+001
8.0000000e+001  8.0000000e+001
1.20000000e+002  8.0000000e+001
1.60000000e+002  8.0000000e+001
2.00000000e+002  8.0000000e+001
2.40000000e+002  8.0000000e+001
2.80000000e+002  8.0000000e+001
3.20000000e+002  8.0000000e+001
0.0000000e+000  1.20000000e+002
4.0000000e+001  1.20000000e+002
8.0000000e+001  1.20000000e+002
1.20000000e+002  1.20000000e+002
1.60000000e+002  1.20000000e+002
2.00000000e+002  1.20000000e+002
2.40000000e+002  1.20000000e+002
2.80000000e+002  1.20000000e+002
3.20000000e+002  1.20000000e+002
0.0000000e+000  1.60000000e+002
4.0000000e+001  1.60000000e+002
8.0000000e+001  1.60000000e+002
1.20000000e+002  1.60000000e+002
1.60000000e+002  1.60000000e+002
2.00000000e+002  1.60000000e+002
2.40000000e+002  1.60000000e+002
2.80000000e+002  1.60000000e+002
3.20000000e+002  1.60000000e+002
0.0000000e+000  2.00000000e+002
4.0000000e+001  2.00000000e+002
8.0000000e+001  2.00000000e+002
1.20000000e+002  2.00000000e+002
1.60000000e+002  2.00000000e+002
2.00000000e+002  2.00000000e+002
2.40000000e+002  2.00000000e+002
2.80000000e+002  2.00000000e+002
3.20000000e+002  2.00000000e+002
