341.166 311.934
311.206 312.363
282.161 313.063
253.097 313.539
224.743 314.145
196.467 314.718
169.088 315.209
141.586 315.667
114.786 316.133
340.693 278.66
311.067 279.583
281.653 280.268
252.848 281.073
224.127 281.939
196.111 282.544
168.189 283.417
140.952 283.936
113.511 284.727
340.418 245.638
310.627 246.724
281.26 247.781
251.917 248.773
223.616 249.784
195.053 250.666
167.248 251.577
139.538 252.491
112.449 253.336
339.98 212.378
310.351 213.661
280.697 214.913
251.565 216.111
222.916 217.407
194.563 218.508
166.222 219.549
138.599 220.573
111.211 221.631
339.628 179.443
310.148 180.688
280.198 182.185
251.253 183.507
222.256 184.907
193.933 186.224
165.677 187.441
138.098 188.806
110.32 189.733
339.55 145.584
309.866 147.461
279.729 148.881
250.62 150.526
221.641 152.147
193.01 153.558
164.707 155.07
136.734 156.273
108.848 157.708
