342.401 331.627
314.603 331.209
287.14 330.941
259.125 330.551
231.41 330.277
203.088 330.033
175.084 329.579
146.411 329.258
117.972 328.725
342.063 304.308
314.611 303.959
286.759 303.416
259.193 303.009
230.96 302.635
202.806 302.156
174.471 301.825
146.169 301.201
117.202 300.816
342.035 277.179
314.251 276.671
286.706 276.225
258.525 275.663
230.768 275.285
202.361 274.678
174.067 274.144
145.324 273.544
116.623 272.921
341.7 249.862
314.293 249.421
286.433 248.723
258.594 248.209
230.316 247.615
202.148 246.927
173.413 246.268
144.894 245.57
115.795 244.884
341.607 222.806
314.219 222.141
286.114 221.468
258.348 220.707
230.037 220.078
201.836 219.274
173.072 218.448
144.6 217.775
115.334 216.731
341.635 195.213
314.118 194.613
285.993 193.63
258.189 193.009
229.828 192.207
201.468 191.293
172.646 190.409
143.834 189.462
114.513 188.479
