587.288 319.31
588.104 338.419
588.79 357.357
589.544 376.075
590.297 394.771
591.081 413.423
591.837 431.637
592.574 449.776
593.332 467.728
568.107 319.87
569.013 339.162
569.829 357.816
570.73 376.795
571.482 395.314
572.383 413.909
573.178 432.174
574.078 450.338
574.872 468.329
549.158 320.579
550.098 339.63
550.944 358.573
551.892 377.329
552.763 395.919
553.828 414.459
554.639 432.784
555.536 450.928
556.401 468.839
530.027 321.257
531.12 340.333
532.116 359.187
533.13 377.947
534.226 396.569
535.119 415.045
536.058 433.309
537.215 451.409
538.17 469.344
511.124 321.804
512.261 340.935
513.292 359.74
514.38 378.479
515.462 397.125
516.594 415.469
517.571 433.746
518.722 451.79
519.74 469.785
492.107 322.524
493.256 341.597
494.444 360.369
495.631 379.245
496.755 397.554
498.033 416.217
499.127 434.294
500.33 452.522
501.486 470.357
