682.497 440.281
663.136 440.614
643.956 440.824
624.745 441.007
605.522 441.229
586.253 441.513
567.26 441.811
548.204 442.031
529.278 442.304
682.325 421.365
662.805 421.652
643.497 421.919
624.025 422.238
604.868 422.526
585.445 422.746
566.361 423.06
547.084 423.299
528.195 423.599
681.981 402.511
662.456 402.711
643.057 403.095
623.529 403.242
604.191 403.543
584.772 403.831
565.444 404.213
546.174 404.51
526.941 404.829
681.712 383.147
662.146 383.491
642.578 383.786
622.965 384.112
603.434 384.399
583.975 384.764
564.495 385.088
545.125 385.402
525.893 385.715
681.432 363.718
661.748 364.044
642.056 364.436
622.411 364.716
602.81 365.1
583.18 365.359
563.663 365.648
544.338 366.034
524.831 366.494
681.142 344.035
661.314 344.425
641.591 344.748
621.81 345.112
602.136 345.395
582.386 345.729
562.888 346.171
543.161 346.624
523.72 347.018
