549.054 317.482
566.609 325.796
584.272 334.121
601.761 342.403
619.491 350.715
637.235 359.16
654.921 367.52
672.589 375.927
690.277 384.327
541.532 335.467
559.076 343.669
576.43 351.915
594.1 360.216
611.562 368.594
629.323 376.95
646.813 385.249
664.517 393.62
682.097 401.946
534.143 352.96
551.526 361.273
568.855 369.528
586.316 377.757
603.804 386.123
621.388 394.384
638.842 402.729
656.385 411.108
673.939 419.479
526.621 370.62
544.065 378.76
561.351 386.988
578.635 395.284
596.106 403.507
613.525 411.785
630.836 420.161
648.417 428.422
665.851 436.678
519.526 387.901
536.662 396.094
553.839 404.294
571.149 412.514
588.415 420.761
605.732 429.017
623.088 437.329
640.447 445.553
657.817 453.853
512.216 405.206
529.445 413.37
546.424 421.475
563.616 429.654
580.706 437.843
598.111 446.138
615.253 454.354
632.622 462.604
649.821 470.773
