477.506 383.62
437.539 381.693
396.861 379.833
355.141 377.85
312.531 375.957
268.839 374.112
224.281 372.126
178.753 370.152
131.952 368.044
479.173 342.694
439.274 340.471
398.034 337.906
356.338 335.681
313.239 333.259
269.584 330.73
224.488 328.319
178.849 325.709
131.355 323.104
481.158 301.808
440.802 299.026
399.565 295.985
357.484 293.179
314.324 290.102
270.086 287.287
225.052 284.034
178.652 280.983
131.227 277.694
483.133 260.408
442.548 257.113
401.172 253.644
358.847 250.003
315.379 246.655
271.005 243.119
225.381 239.357
178.775 235.61
130.675 231.609
484.77 218.744
444.307 214.76
402.608 210.857
360.14 206.709
316.42 202.543
271.653 198.395
225.838 193.972
178.725 189.595
130.265 184.682
486.938 176.492
446.016 172.111
404.26 167.32
361.529 162.753
317.497 158.042
272.511 153.217
226.251 148.222
178.74 142.72
129.471 137.112
