278.076 157.375
313.231 183.34
347.837 209.029
382.025 234.205
415.804 259.163
449.138 284.134
482.35 308.704
515.101 332.6
547.303 356.754
255.697 192.629
290.553 218.003
325.12 243.35
358.992 268.037
392.811 292.79
426.025 317.07
459.181 341.237
491.474 364.9
523.877 388.644
233.682 226.96
268.473 252.052
302.734 276.824
336.483 301.288
370.309 325.475
403.45 349.498
436.138 373.315
468.544 396.681
500.733 419.902
211.956 260.89
246.716 285.608
280.918 309.978
314.493 334.057
347.965 357.851
381 381.643
413.612 404.876
445.974 428.052
478.029 450.687
191.181 294.463
225.338 318.582
259.505 342.732
292.843 366.359
326.24 389.868
359.023 412.963
391.614 436.079
423.896 458.731
455.629 481.15
169.994 327.287
204.525 351.322
238.152 374.899
271.591 398.293
304.582 421.324
337.448 444.306
369.991 466.671
401.922 489.216
433.699 511.158
