298.836 259.249
337.988 235.689
377.06 212.239
416.306 189.032
455.501 165.802
494.596 142.642
533.664 120.046
572.442 97.3957
611.179 74.8805
323.78 299.12
362.473 275.647
401.579 252.381
440.31 229.2
479.493 205.993
518.28 183.168
557.217 160.332
595.571 137.923
634.23 115.424
348.085 338.28
386.658 314.909
425.417 291.721
464.157 268.593
502.939 245.634
541.619 222.752
580.223 200.02
618.547 177.569
656.711 155.417
372.231 377.302
410.733 354.026
449.252 330.925
487.803 307.87
526.232 284.941
564.726 262.219
603.086 239.582
641.25 217.172
679.072 195.008
396.452 415.772
434.479 392.832
472.932 369.665
511.069 346.905
549.471 323.941
587.545 301.368
625.667 278.877
663.521 256.532
701.154 234.466
420.147 454.239
458.174 431.146
496.2 408.337
534.331 385.466
572.269 362.697
610.368 340.071
647.971 317.693
685.721 295.371
723.04 273.322
