709.994 254.966
748.928 237.421
788.339 219.48
828.452 201.594
869.146 183.183
910.502 164.322
952.548 145.536
995.413 126.189
1039.16 105.995
726.161 293.609
765.078 276.227
804.906 258.738
844.894 240.888
885.946 222.792
927.376 204.567
969.605 185.815
1012.44 166.807
1056.5 147.153
741.956 332.017
781.277 314.973
821.106 297.737
861.521 280.262
902.589 262.605
944.338 244.618
986.639 226.227
1029.78 207.449
1073.69 188.413
757.926 370.956
797.459 354.231
837.502 337.308
878.113 320.037
919.313 302.636
961.168 284.87
1003.68 266.824
1046.9 248.523
1091.12 229.744
774.091 410.035
813.547 393.664
853.983 376.799
894.549 360.114
936.04 342.795
977.9 325.463
1020.59 307.791
1063.87 289.78
1108.26 271.362
789.934 449.503
829.77 433.202
870.178 416.842
911.138 400.191
952.599 383.268
994.88 366.118
1037.54 348.794
1081.19 330.997
1125.62 312.912
