712.953 302.32
746.418 273.989
780.275 245.1
814.91 216.076
849.951 186.349
885.625 155.803
921.917 125.16
959.12 93.7316
997.16 61.157
740.426 335.605
773.981 307.431
808.414 278.905
842.874 249.995
878.527 220.38
914.315 190.499
951.118 159.839
988.28 128.74
1026.92 96.407
767.52 368.773
801.496 340.868
835.911 312.592
871.114 283.788
906.755 254.647
942.962 224.821
979.969 194.52
1017.76 163.478
1056.38 131.716
794.801 402.472
829.133 374.699
863.854 346.717
899.372 318.108
935.118 289.056
971.705 259.54
1009.03 229.474
1047.09 198.699
1086.08 167.285
822.208 436.075
856.668 408.759
891.866 380.7
927.423 352.641
963.619 323.737
1000.32 294.568
1037.95 264.764
1076.26 234.351
1115.74 203.147
849.499 470.191
884.2 442.801
919.703 415.351
955.633 387.156
991.947 358.665
1029.32 329.508
1066.91 300.08
1105.8 269.749
1145.69 238.806
