432.689 507.734
398.127 480.002
363.407 452.35
328.598 424.345
293.553 396.285
258.178 368.053
223.103 339.881
187.704 311.397
151.913 282.87
459.875 473.363
425.286 445.725
390.474 417.5
355.672 389.614
320.382 361.095
285.351 332.878
249.767 304.304
214.442 275.846
178.389 246.759
487.315 439.138
452.554 411.107
417.836 382.926
382.638 354.506
347.701 326.073
312.298 297.49
276.717 268.728
240.944 239.887
205.302 210.908
515.075 404.583
480.42 376.29
445.499 347.784
410.296 319.198
375.105 290.603
339.732 261.829
304.013 232.771
268.309 203.825
232.339 174.515
543.007 369.706
508.396 341.234
473.314 312.556
438.392 283.841
402.929 254.856
367.527 225.935
331.904 196.819
295.994 167.46
260.002 137.943
571.432 334.659
536.684 306.063
501.643 276.951
466.449 248.055
431.037 219.01
395.44 189.801
359.832 160.568
323.796 130.947
287.529 101.019
