309.221 389.981
301.649 402.769
294.291 415.744
286.556 428.887
278.928 442.318
271.299 455.591
263.563 468.99
255.793 482.636
248.012 496.13
294.994 382.693
287.742 395.647
279.993 408.357
272.537 421.878
264.53 434.747
256.897 448.46
249.085 461.654
241.358 475.381
233.564 488.764
281.47 374.839
273.508 387.852
266.102 400.801
258.176 414.002
250.634 427.271
242.491 440.748
234.861 454.096
226.805 467.683
218.882 481.257
266.926 367.316
259.569 380.411
251.729 393.133
244.065 406.452
236.144 419.644
228.174 433.116
220.372 446.414
212.305 460.136
204.445 473.751
253.127 359.884
245.312 372.678
237.824 385.853
229.525 398.937
221.866 412.181
213.677 425.597
205.791 439.051
197.629 452.604
189.625 466.273
238.578 352.174
231.267 365.057
223.106 378.138
215.446 391.183
207.148 404.482
199.307 417.843
190.996 431.25
183.061 444.867
174.859 458.532
