420.451 139.28
417.659 182.958
415.151 226.039
412.571 268.857
409.923 311.176
407.316 353.338
404.917 394.948
402.768 436.127
400.392 476.703
377.107 133.79
374.702 177.739
371.988 221.74
369.661 264.728
367.327 307.896
365.113 350.113
363.002 392.52
360.863 433.759
358.826 475.331
333.046 127.859
330.7 172.674
328.47 216.96
326.324 260.758
324.224 304.274
322.014 347.408
320.17 389.767
318.471 431.74
316.667 473.448
287.557 121.782
285.655 167.321
283.654 212.317
281.849 256.621
279.896 300.596
278.152 344.164
276.613 387.173
274.945 429.645
273.587 471.628
241.163 115.878
239.529 161.785
237.878 207.558
236.366 252.32
234.859 296.919
233.432 340.952
231.841 384.371
230.787 427.511
229.465 469.746
193.254 109.131
192.195 156.277
191.157 202.451
189.703 247.95
188.706 293.131
187.398 337.66
186.386 381.745
185.343 425.142
184.673 467.962
