606.382 211.872
580.964 248.565
555.638 285.194
530.518 321.951
505.408 358.438
480.263 394.904
455.539 431.258
431.173 467.515
406.74 503.247
569.494 185.498
544.284 222.391
518.654 259.388
493.585 296.05
468.267 332.988
443.423 369.601
418.602 406.39
394.253 442.495
369.767 478.806
532.672 158.867
507.197 196.113
481.749 233.19
456.472 270.261
431.446 307.382
406.317 344.355
381.544 381.019
357.069 417.661
332.85 454.047
495.341 131.997
469.872 169.533
444.393 207.006
419.133 244.197
393.993 281.48
368.876 318.621
344.224 355.639
319.646 392.444
295.602 429.171
457.652 105.292
432.221 142.728
406.643 180.551
381.437 217.915
356.246 255.498
331.341 292.83
306.598 330.079
282.169 367.225
257.996 403.837
419.658 77.6573
394.175 115.843
368.625 153.724
343.379 191.429
318.265 229.229
293.241 266.739
268.686 304.397
244.132 341.484
220.094 378.624
