289.237 163.871
323.049 191.107
356.338 218.044
389.247 244.509
421.767 270.817
453.927 296.935
485.736 322.819
517.315 348.069
548.251 373.413
263.264 196.731
297.122 223.614
330.701 250.582
363.597 276.729
396.47 302.995
428.738 328.728
460.911 354.463
492.33 379.587
523.766 404.779
237.451 229.273
271.514 256.167
305.141 282.718
338.321 308.867
371.305 334.839
403.827 360.594
435.956 385.998
467.739 411.047
499.195 435.967
211.434 262.054
245.815 288.794
279.632 315.165
312.902 341.133
345.963 366.983
378.671 392.619
410.957 417.696
442.982 442.691
474.592 467.307
185.882 295.109
220.017 321.472
254.218 347.804
287.54 373.613
320.791 399.257
353.573 424.509
386.084 449.624
418.31 474.393
449.967 498.831
159.746 327.941
194.564 354.406
228.55 380.361
262.258 406.033
295.549 431.462
328.612 456.678
361.266 481.487
393.54 506.128
425.474 530.3
