697.687 333.091
667.604 333.105
637.541 333.047
607.459 333.068
577.292 333.136
547.027 333.127
516.911 333.262
486.801 333.456
456.763 333.512
697.545 303.018
667.427 303.006
637.432 302.942
607.252 302.981
577.138 302.951
546.846 303.056
516.74 303.142
486.624 303.29
456.58 303.393
697.361 272.947
667.305 272.973
637.275 272.795
607.122 272.737
576.951 272.91
546.722 272.957
516.581 272.979
486.461 273.093
456.47 273.312
697.16 242.933
667.125 242.928
637.041 242.825
606.935 242.681
576.759 242.865
546.641 242.8
516.486 242.845
486.406 243.069
456.319 243.24
696.81 213.077
666.871 212.949
636.802 212.774
606.761 212.731
576.672 212.772
546.549 212.859
516.436 212.935
486.379 213.113
456.28 213.248
696.7 183.119
666.705 183.042
636.689 182.715
606.673 182.783
576.568 182.793
546.496 182.845
516.373 183.091
486.325 183.091
456.207 183.208
