645.257 69.494
644.904 102.417
644.565 135.062
644.295 167.19
643.7 199.202
643.302 231.025
642.857 262.163
642.887 293.243
642.32 323.855
613.476 69.0417
613.364 101.991
613.179 134.56
612.877 166.988
612.69 198.905
612.534 230.667
612.389 261.991
612.031 293.066
611.765 323.81
581.549 68.5718
581.553 101.477
581.439 134.132
581.471 166.538
581.474 198.604
581.475 230.357
581.384 261.697
581.332 292.99
581.307 323.656
549.605 68.0135
549.819 101.192
550.23 133.749
550.309 166.262
550.38 198.355
550.379 230.17
550.526 261.585
550.705 292.919
550.803 323.624
517.696 67.671
518.147 100.758
518.44 133.532
518.697 165.984
518.948 198.123
519.263 229.971
519.41 261.462
519.719 292.806
520.041 323.584
485.589 67.2483
486.133 100.485
486.635 133.327
487.236 165.726
487.443 197.894
487.968 229.858
488.49 261.433
488.86 292.743
489.215 323.622
