531.464 105.007
550.558 134.197
569.275 163.262
587.893 191.867
606.384 220.409
624.476 248.752
642.477 276.666
660.574 304.098
677.976 331.526
503.637 124.647
522.747 153.706
541.639 182.45
560.296 210.884
578.737 239.248
597.128 267.223
615.312 294.914
633.078 322.217
650.79 349.458
476.185 144.228
495.346 172.98
514.182 201.572
532.852 229.744
551.531 257.814
569.972 285.555
588.067 313.075
606.057 340.264
623.861 367.158
448.767 163.587
468.132 192.238
487.168 220.41
505.885 248.468
524.463 276.256
542.877 303.919
561.158 331.076
579.234 358.075
597.088 384.645
422.003 182.964
441.108 211.203
460.188 239.316
478.937 267.1
497.642 294.63
516.222 322.002
534.393 348.962
552.578 375.82
570.443 402.241
395.081 202.007
414.419 230.286
433.415 258.08
452.374 285.548
470.99 312.792
489.676 340.007
508.041 366.722
526.206 393.401
544.147 419.607
