687.589 212.182
667.913 239.33
648.231 266.17
628.821 292.916
609.691 319.328
590.265 345.753
571.305 371.84
552.76 397.968
534.055 423.481
661.258 191.823
641.52 219.19
621.79 246.403
602.389 273.274
582.913 300.18
563.874 326.682
544.808 353.305
526.205 379.296
507.567 405.319
634.623 171.278
614.801 198.936
595.071 226.216
575.614 253.568
556.354 280.659
537.189 307.712
518.226 334.265
499.454 360.645
480.846 386.899
607.571 150.46
587.769 178.405
568.314 206.269
548.694 233.711
529.354 260.967
510.059 288.183
491.181 315.116
472.439 341.813
453.939 368.264
580.232 129.488
560.449 157.624
540.649 185.626
521.242 213.39
501.843 241.031
482.762 268.433
463.729 295.621
445.053 322.595
426.549 349.281
552.46 108.136
532.504 136.495
512.825 164.907
493.566 192.995
474.146 220.778
455.056 248.591
436.155 276.104
417.363 303.296
398.823 330.218
