461.149 443.194
434.011 443.292
407.233 443.469
380.359 443.633
353.603 443.838
326.852 444.025
300.581 444.295
274.016 444.541
247.765 444.587
460.046 415.763
433.144 416.101
405.981 416.268
379.224 416.521
352.21 416.677
325.466 416.981
298.872 417.249
272.425 417.42
245.818 417.631
459.241 388.626
431.946 388.852
405.013 389.108
377.725 389.352
351.03 389.595
323.991 389.798
297.252 390.133
270.58 390.431
244.098 390.681
458.34 361.078
431.089 361.362
403.766 361.494
376.699 361.777
349.58 362.132
322.688 362.412
295.568 362.781
268.942 363.057
242.251 363.386
457.448 333.249
430.105 333.474
402.813 333.743
375.479 334.02
348.389 334.407
321.307 334.749
294.208 335.078
267.415 335.435
240.52 335.727
456.779 305.226
429.209 305.524
401.578 305.722
374.338 306.122
347.128 306.517
319.673 306.901
292.796 307.254
265.589 307.594
238.762 307.924
