1056.78 446.392
1028.47 446.012
1000.44 445.758
972.536 445.434
944.891 445.197
917.425 445.003
890.198 444.752
862.847 444.391
836.146 444.215
1057.31 418.62
1029.09 418.501
1000.89 418.276
973.121 418.227
945.321 417.844
917.883 417.746
890.403 417.604
863.363 417.432
836.346 417.262
1058.04 391.267
1029.65 391.143
1001.59 391.189
973.631 391.042
945.898 390.977
918.217 390.795
890.771 390.789
863.71 390.717
836.614 390.66
1058.53 363.577
1030.2 363.669
1002.09 363.49
974.115 363.587
946.19 363.634
918.508 363.653
891.087 363.611
864.059 363.677
836.805 363.724
1058.93 336.049
1030.61 336.057
1002.29 336.299
974.394 336.236
946.458 336.487
918.845 336.596
891.438 336.764
864.268 336.906
837.139 337.125
1059.73 308.095
1031.11 308.589
1002.76 308.59
974.759 308.872
946.905 309.17
919.275 309.299
891.811 309.527
864.46 309.782
837.414 310.12
