444.92 385.721
420.381 397.194
395.835 408.546
371.156 420.108
346.486 431.662
321.496 443.326
296.842 454.848
272.006 466.787
247.065 478.267
433.065 361.11
408.403 372.545
383.659 384.029
358.882 395.535
333.957 407.116
308.943 418.681
283.989 430.527
258.972 442.064
233.79 453.906
421.237 336.443
396.381 347.888
371.515 359.224
346.424 370.834
321.467 382.442
296.3 394.148
271.078 405.752
245.815 417.496
220.583 429.227
409.214 311.409
384.257 322.861
359.241 334.36
334.038 345.853
308.789 357.499
283.451 369.05
258.048 380.813
232.629 392.581
207.131 404.355
397.12 286.166
371.967 297.524
346.683 308.999
321.418 320.497
296.022 332.139
270.52 343.762
244.874 355.437
219.386 367.217
193.607 378.989
384.887 260.538
359.573 271.94
334.174 283.355
308.646 294.947
283.069 306.534
257.348 318.295
231.664 329.946
205.793 341.697
179.819 353.417
