819.651 380.285
842.185 365.671
865.225 350.684
888.4 335.718
912.111 320.336
936.022 304.74
960.499 288.994
985.106 273.031
1010.27 256.684
834.171 402.977
856.92 388.455
879.951 373.699
903.352 358.756
927.208 343.635
951.348 328.292
975.701 312.588
1000.56 296.788
1025.84 280.625
848.547 425.427
871.4 411.131
894.548 396.469
918.095 381.763
942.038 366.728
966.307 351.551
991.029 336.065
1015.86 320.361
1041.38 304.463
862.95 448.138
885.998 433.877
909.306 419.631
933.039 404.898
957.031 390.126
981.429 375.017
1006.15 359.756
1031.39 344.227
1056.84 328.44
877.441 470.675
900.454 456.729
923.967 442.515
947.76 428.093
971.963 413.418
996.44 398.494
1021.41 383.532
1046.58 368.102
1072.36 352.505
891.744 493.558
915.093 479.609
938.535 465.656
962.641 451.36
986.766 436.868
1011.61 422.079
1036.49 407.229
1062.08 391.971
1087.82 376.527
