880.475 458.804
898.072 437.683
915.989 415.901
933.99 394.196
952.381 371.882
970.791 349.394
989.675 326.572
1008.8 303.599
1028.1 280.014
902.35 476.276
920.128 454.966
938.187 433.516
956.409 411.581
975.105 389.522
993.851 367.004
1012.85 344.306
1032.15 321.239
1051.73 297.82
923.969 493.53
941.978 472.43
960.172 450.916
978.756 429.183
997.533 407.075
1016.6 384.722
1035.96 361.948
1055.41 338.942
1075.38 315.599
945.769 511.081
964.133 489.974
982.668 468.702
1001.42 446.837
1020.33 424.914
1039.64 402.507
1059.17 379.931
1079.13 356.867
1099.13 333.596
967.812 528.516
986.206 507.589
1005 486.26
1024.01 464.622
1043.24 442.657
1062.63 420.449
1082.6 397.886
1102.66 374.975
1123.18 351.711
989.774 546.363
1008.5 525.297
1027.39 504.165
1046.82 482.543
1066.12 460.758
1086.11 438.499
1106.03 416.078
1126.55 393.083
1147.23 369.88
