919.759 440.925
935.272 418.497
950.98 395.57
966.726 372.656
982.8 349.281
998.858 325.686
1015.31 301.884
1031.79 277.926
1048.56 253.39
942.862 456.067
958.483 433.515
974.377 410.708
990.307 387.57
1006.68 364.354
1023.09 340.663
1039.56 316.788
1056.37 292.736
1073.41 268.302
965.705 471.033
981.576 448.56
997.589 425.706
1013.93 402.669
1030.42 379.343
1047.09 355.772
1063.99 331.783
1080.94 307.641
1098.27 283.213
988.919 486.347
1005.09 463.773
1021.42 441.123
1037.92 417.921
1054.55 394.611
1071.48 370.956
1088.56 347.059
1105.95 322.836
1123.4 298.334
1012.32 501.557
1028.58 479.122
1045.22 456.349
1061.9 433.25
1078.89 409.922
1095.91 386.323
1113.36 362.396
1130.94 338.227
1148.9 313.607
1035.79 517.222
1052.36 494.535
1069.13 471.85
1086.3 448.771
1103.26 425.483
1120.91 401.699
1138.35 377.906
1156.44 353.494
1174.56 328.974
