899.597 482.477
898.758 455.928
897.934 429.287
896.913 402.71
896.169 375.94
894.802 349.315
893.945 322.504
893.09 295.827
891.875 269.077
926.87 481.336
926.117 454.86
925.221 428.075
924.258 401.38
923.454 374.445
922.456 347.587
921.464 320.772
920.427 293.888
919.462 266.962
954.152 480.468
953.329 453.714
952.321 426.965
951.645 399.962
950.651 373.111
950.027 346.01
948.862 318.943
947.898 291.919
946.86 264.98
981.763 479.541
980.957 452.7
980.475 425.703
979.573 398.591
978.506 371.578
977.745 344.362
976.759 317.192
976.014 289.954
974.804 262.89
1009.63 478.432
1008.84 451.546
1008.21 424.382
1007.5 397.212
1006.6 369.996
1005.84 342.776
1004.9 315.391
1004.08 288.242
1003.02 260.787
1037.95 477.54
1036.97 450.403
1036.44 423.13
1035.96 395.734
1034.89 368.53
1034.38 341.009
1033.45 313.765
1032.49 286.056
1031.63 258.709
