279.162 277.461
301.419 295.471
323.398 313.59
345.341 331.463
367.24 349.385
388.958 367.373
410.574 385.013
432.242 402.385
453.553 419.957
261.772 299.17
284.203 317.363
306.116 335.139
328.252 353.133
349.914 370.869
371.815 388.717
393.408 406.191
414.894 423.774
436.36 441.116
244.543 321.029
266.848 338.946
288.758 356.993
310.822 374.659
332.707 392.432
354.66 409.858
376.236 427.52
397.688 444.983
419.271 462.278
227.315 342.763
249.667 360.668
271.866 378.279
293.798 396.092
315.745 413.604
337.454 431.318
359.069 448.728
380.746 465.925
402.157 483.134
210.333 364.358
232.601 382.203
254.735 399.9
276.72 417.471
298.654 435.067
320.468 452.397
342.158 469.821
363.789 486.957
385.188 504.12
193.219 386.054
215.533 403.869
237.659 421.391
259.849 438.82
281.666 456.117
303.724 473.518
325.364 490.608
346.92 507.952
368.318 524.92
