1036.1 476.217
1010.04 466.555
983.913 457.211
958.033 447.769
932.244 438.421
906.444 429.135
880.867 419.908
855.429 410.513
830.008 401.584
1046.07 450.179
1019.89 440.879
993.714 431.353
967.673 422.195
941.823 412.677
916.012 403.497
890.338 394.293
864.822 385.17
839.349 376.042
1056.03 424.594
1029.68 415.181
1003.47 405.974
977.406 396.547
951.462 387.325
925.531 377.988
899.796 368.861
874.196 359.884
848.708 350.825
1066.11 398.623
1039.61 389.359
1013.44 379.836
987.232 370.665
961.157 361.561
935.16 352.408
909.33 343.211
883.639 334.239
858.029 325.354
1075.91 372.74
1049.55 363.438
1023.09 354.234
996.95 344.895
970.739 335.83
944.758 326.701
918.803 317.747
893.154 308.764
867.386 299.943
1086.23 346.501
1059.43 337.491
1033.03 328.111
1006.78 318.915
980.534 310.036
954.446 300.848
928.474 291.927
902.579 283.073
876.859 274.393
