246.821 291.583
275.177 292.952
303.219 294.389
331.172 295.721
359.061 297.266
386.808 298.704
414.321 300.148
441.576 301.454
468.911 303.01
246.763 319.572
275.128 320.816
302.944 322.167
331.022 323.4
358.53 324.859
386.244 326.143
413.454 327.485
440.94 328.868
467.904 330.204
246.895 347.315
274.927 348.509
302.755 349.776
330.417 351.026
357.993 352.269
385.511 353.447
412.954 354.736
440.057 355.949
467.116 357.306
246.81 374.843
274.819 376
302.556 377.157
330.073 378.307
357.54 379.493
385.064 380.659
412.186 381.765
439.314 382.935
466.213 384.021
247.036 402.158
274.704 403.247
302.334 404.31
329.719 405.412
357.225 406.549
384.497 407.507
411.471 408.758
438.622 409.671
465.3 410.806
246.997 429.355
274.77 430.378
302.014 431.347
329.549 432.382
356.741 433.301
383.963 434.274
410.972 435.257
437.812 436.315
464.544 437.335
