485.146 462.251
455.859 462.13
426.698 462.089
397.031 462.055
367.223 461.899
336.992 461.971
306.8 461.937
276.155 461.848
245.489 461.727
485.173 433.286
456.062 433.222
426.526 432.91
396.913 432.799
366.692 432.535
336.582 432.367
305.862 432.281
275.438 432.018
244.311 431.783
485.565 404.453
456.172 404.071
426.63 403.724
396.609 403.428
366.546 403.076
335.9 402.768
305.407 402.482
274.464 402.218
243.428 401.739
485.88 375.215
456.463 374.675
426.614 374.047
396.615 373.609
366.115 373.282
335.565 372.756
304.708 372.317
273.668 371.835
242.364 371.431
486.223 345.627
456.633 344.974
426.638 344.313
396.521 343.602
365.845 343.125
335.266 342.412
304.221 341.836
273.091 341.298
241.528 340.612
486.686 315.63
456.968 315.052
426.75 314.049
396.499 313.329
365.649 312.649
334.991 311.755
303.593 311.106
272.343 310.309
240.558 309.59
