253.019 268.689
284.367 271.033
315.406 273.407
346.131 275.69
376.74 277.915
406.89 280.265
436.895 282.642
466.385 284.765
495.613 287.203
252.129 299.76
283.364 301.792
314.414 304.022
345.014 305.932
375.444 308.287
405.449 310.347
435.395 312.462
464.783 314.494
494.139 316.667
251.389 330.013
282.448 332.094
313.322 334.04
343.692 336.058
374.179 337.955
404.185 339.91
433.944 341.908
463.269 343.817
492.595 345.783
250.448 360.564
281.526 362.382
312.256 364.14
342.762 365.93
372.911 367.795
402.97 369.641
432.515 371.413
461.846 373.257
490.952 375.003
249.756 390.752
280.599 392.452
311.331 394.134
341.535 395.803
371.665 397.516
401.463 399.098
431.138 400.887
460.406 402.407
489.339 404.009
248.978 420.926
279.764 422.454
310.251 423.926
340.639 425.461
370.538 426.999
400.417 428.445
429.694 429.935
459.106 431.43
487.846 432.994
