249.378 339.106
276.914 331.082
304.649 322.774
332.251 314.843
360.063 306.644
387.603 298.504
415.476 290.445
443.116 282.564
470.693 274.421
259.971 366.705
287.236 358.531
314.658 350.517
341.966 342.343
369.607 334.382
396.984 326.3
424.469 318.304
451.845 310.303
479.337 302.313
270.086 393.443
297.137 385.435
324.31 377.268
351.484 369.407
378.763 361.345
406.051 353.42
433.413 345.381
460.445 337.518
487.741 329.52
280.11 420.069
307.055 412.024
334.009 404.333
360.989 396.211
387.974 388.219
415.019 380.254
442.04 372.423
469.118 364.437
496.05 356.564
290.216 446.096
316.742 438.281
343.522 430.36
370.34 422.506
397.091 414.548
423.926 406.665
450.664 398.837
477.569 391.007
504.25 383.101
299.924 471.952
326.422 463.906
352.804 456.247
379.551 448.512
405.935 440.59
432.662 432.776
459.183 424.983
485.912 417.117
512.33 409.381
