483.635 403.353
456.962 414.415
430.251 425.437
403.325 436.644
376.412 447.844
349.068 459.153
322.004 470.458
294.677 482.041
267.268 493.302
472.312 376.601
445.62 387.581
418.596 398.643
391.655 409.779
364.337 420.997
337.109 432.219
309.622 443.757
282.223 454.996
254.457 466.5
461.187 349.758
434.146 360.726
407.079 371.628
379.783 382.832
352.494 394.047
324.868 405.352
297.33 416.597
269.592 428.086
241.808 439.43
449.794 322.566
422.647 333.524
395.426 344.554
367.96 355.592
340.395 366.753
312.652 377.921
284.798 389.326
256.942 400.601
228.866 412.143
438.357 295.195
411.033 305.988
383.559 316.922
356.016 327.992
328.217 339.099
300.398 350.312
272.287 361.559
244.27 372.961
215.933 384.366
426.854 267.375
399.332 278.219
371.648 289.05
343.909 300.153
315.947 311.23
287.823 322.466
259.627 333.676
231.28 344.927
202.716 356.312
