293.037 420.562
308.675 399.167
324.382 377.33
340.114 355.727
355.993 333.996
371.791 312.222
387.954 290.292
404.117 268.55
420.184 246.579
315.383 436.7
330.782 415.182
346.537 393.725
362.263 371.928
378.119 350.431
394.152 328.473
409.971 306.899
426.174 284.966
442.203 263.36
337.098 452.58
352.729 431.27
368.228 409.632
384.108 388.263
400.017 366.543
416.146 344.964
432.057 323.264
448.003 301.53
464.251 279.817
359.028 468.514
374.573 447.275
390.454 426.041
406.163 404.448
422.136 382.901
437.966 361.245
453.88 339.658
470.073 318.094
486.153 296.384
380.903 484.252
396.484 463.181
412.147 441.857
428.081 420.469
443.849 399.008
459.81 377.502
475.794 356.008
491.8 334.476
507.978 312.812
402.645 500.214
418.145 478.882
433.918 457.771
449.795 436.527
465.575 415.283
481.604 393.867
497.628 372.398
513.63 350.802
529.597 329.309
