321.87 443.557
332.577 419.37
343.213 394.652
354.079 370.061
364.992 345.316
375.792 320.391
386.987 295.244
398.372 270.276
409.502 244.86
346.928 454.862
357.372 430.667
368.308 406.246
378.983 381.608
390.078 356.864
401.146 331.942
412.196 307.15
423.506 281.96
434.735 256.951
371.319 466.179
382.144 442.059
392.617 417.585
403.739 393.114
414.841 368.432
426.211 343.691
437.246 318.781
448.421 293.836
459.887 268.691
395.906 477.455
406.688 453.438
417.905 429.23
428.742 404.668
439.926 380.097
450.962 355.328
462.171 330.577
473.658 305.693
485.029 280.656
420.566 488.62
431.435 464.67
442.343 440.481
453.566 416.064
464.615 391.645
475.855 366.933
487.2 342.304
498.553 317.522
510.042 292.546
445.108 499.904
455.822 475.89
466.968 451.754
478.311 427.627
489.363 403.252
500.753 378.76
512.256 354.095
523.555 329.253
534.917 304.432
