328.06 475.002
327.446 447.977
326.23 420.641
325.44 393.186
324.69 365.466
323.386 337.49
322.656 309.067
322.165 280.554
321.164 251.718
356.133 474.347
355.267 447.646
354.636 420.399
353.579 393.263
353.149 365.306
352.331 337.418
351.53 309.326
350.95 280.84
350.268 252.273
383.47 474.131
383.033 447.395
382.03 420.468
381.487 392.998
381.157 365.357
380.791 337.458
379.986 309.453
379.347 281.304
379.068 252.654
411.019 473.631
410.58 447.215
410.39 420.154
409.686 392.827
409.259 365.302
408.826 337.578
408.392 309.708
408.158 281.548
407.573 253.231
438.349 473.205
437.95 446.741
437.54 419.799
437.411 392.741
437.124 365.377
436.893 337.645
436.658 309.832
436.379 281.897
436.097 253.601
465.453 472.869
465.011 446.502
465.052 419.461
465.187 392.726
464.805 365.479
464.975 337.884
464.76 310.177
464.59 282.234
464.281 254.117
