441.226 277.63
440.414 305.841
439.184 333.827
438.382 361.805
437.431 389.579
436.365 417.569
435.323 445.191
435.158 472.615
433.859 499.884
412.972 275.716
411.973 303.986
411.096 332.499
410.185 360.46
409.214 388.801
408.466 416.559
407.669 444.668
406.966 472.091
406.269 499.812
384.557 273.721
383.519 302.345
382.567 330.861
381.765 359.302
381.14 387.638
380.459 415.877
379.503 443.84
378.958 471.657
378.252 499.515
355.37 271.665
354.668 300.523
354.035 329.406
353.233 357.869
352.386 386.576
351.501 415.055
351.175 443.247
350.473 471.235
349.856 499.223
325.929 269.78
325.316 298.643
324.556 327.786
323.766 356.524
323.15 385.392
322.65 413.919
321.829 442.508
321.449 470.805
320.98 498.893
295.96 267.533
295.202 296.968
294.664 326.135
294.109 355.144
293.436 384.124
293.196 413.04
292.65 441.847
292.031 470.299
291.542 498.686
