464.691 501.299
443.037 485.892
421.054 470.564
398.978 455.025
376.73 439.365
354.217 423.563
331.745 407.733
309.088 391.586
286.238 375.514
480.218 479.757
458.482 464.503
436.652 448.856
414.535 433.339
392.414 417.468
369.975 401.539
347.445 385.554
324.742 369.437
301.939 353.121
495.704 458.625
474.03 443.01
452.228 427.614
430.152 411.636
408.078 395.795
385.715 379.59
363.154 363.592
340.428 347.404
317.678 330.958
511.328 437.16
489.744 421.591
468.046 405.649
446.001 389.858
423.805 373.811
401.46 357.7
378.923 341.505
356.422 324.993
333.561 308.601
526.977 415.691
505.432 399.916
483.668 384.1
461.769 368.04
439.664 351.903
417.388 335.622
394.935 319.252
372.424 302.817
349.588 286.217
542.743 394.142
521.149 378.414
499.514 362.361
477.735 346.154
455.615 329.958
433.431 313.495
411.023 296.992
388.419 280.443
365.642 263.801
