519.154 458.227
493.675 451.046
468.111 444.081
442.096 436.824
415.992 429.547
389.289 422.259
362.663 414.949
335.688 407.345
308.529 399.828
526.565 432.884
501.212 425.84
475.451 418.418
449.495 411.182
423.155 403.63
396.574 396.19
369.713 388.571
342.772 381.001
315.388 373.184
534.324 407.826
508.656 400.368
483.004 393.048
456.813 385.439
430.581 377.782
403.87 369.999
377.022 362.406
349.78 354.554
322.483 346.621
541.969 382.369
516.419 374.748
490.572 366.976
464.511 359.354
437.98 351.542
411.345 343.688
384.301 335.784
357.152 327.739
329.534 319.664
549.752 356.641
524.096 348.849
498.206 341.029
472.065 333.089
445.541 325.154
418.835 317.133
391.687 308.927
364.47 300.829
336.86 292.528
557.636 330.699
531.982 322.896
505.991 314.8
479.839 306.657
453.244 298.596
426.432 290.292
399.29 281.971
371.905 273.618
344.211 265.189
