1028.25 349.789
1002.15 349.995
976.159 350.384
950.185 350.648
924.24 350.961
898.245 351.186
872.347 351.417
846.446 351.563
820.59 351.848
1029.65 323.554
1003.33 323.918
977.052 324.217
950.928 324.616
924.773 324.902
898.703 325.203
872.656 325.415
846.684 325.664
820.769 325.934
1031.19 297.401
1004.62 297.622
978.406 297.954
952.23 298.309
925.875 298.726
899.437 299.064
873.235 299.37
847.091 299.596
820.958 299.913
1032.67 270.728
1006.21 271.108
979.625 271.351
953.027 271.651
926.546 271.965
900.261 272.462
873.966 272.956
847.586 273.307
821.201 273.576
1034.27 243.601
1007.44 243.954
980.631 244.462
954.188 244.937
927.399 245.344
900.777 245.599
874.371 245.969
848.057 246.551
821.449 247.136
1035.97 216.174
1008.75 216.843
982.116 217.238
955.037 217.584
928.375 218.002
901.618 218.542
874.763 219.137
848.413 219.502
821.764 219.913
