906.713 213.811
905.672 243.765
904.417 273.349
903.127 302.138
902.198 330.559
900.554 358.65
899.355 385.846
898.52 412.887
896.851 439.322
877.502 215.175
876.556 245.146
875.67 274.422
874.634 303.314
873.733 331.712
872.66 359.554
871.894 387.262
870.705 414.069
869.918 440.701
848.341 216.068
847.431 246.005
846.641 275.501
846.254 304.582
845.365 333.091
844.692 361.073
844.21 388.54
843.264 415.446
842.545 441.842
818.675 217.424
818.421 247.315
818.226 276.817
817.53 305.645
816.896 334.017
816.545 362.165
816.359 389.605
815.819 416.839
815.148 443.277
789.093 218.424
788.955 248.336
788.806 277.747
788.639 306.98
788.51 335.361
788.452 363.343
788.242 390.963
788.025 417.792
787.623 444.567
759.416 219.559
759.401 249.529
759.691 279.349
759.971 308.009
759.994 336.673
760.198 364.772
760.191 392.111
760.259 419.276
760.176 445.711
