976.503 311.907
953.289 326.481
930.24 340.941
907.519 355.279
884.915 369.543
862.438 383.529
840.364 397.46
818.434 411.284
796.698 424.847
962.631 289.414
939.445 304.255
916.393 318.755
893.63 333.318
871.085 347.645
848.612 361.894
826.535 375.961
804.57 389.893
782.841 403.676
948.851 266.92
925.465 281.837
902.503 296.575
879.679 311.217
857.135 325.754
834.713 340.145
812.569 354.368
790.576 368.416
768.889 382.409
934.744 244.183
911.513 259.296
888.467 274.236
865.718 289.016
843.01 303.714
820.653 318.218
798.422 332.579
776.49 346.872
754.738 361.01
920.565 221.398
897.325 236.582
874.275 251.7
851.47 266.596
828.864 281.572
806.477 296.171
784.236 310.712
762.344 325.109
740.625 339.484
906.285 198.283
883.056 213.788
859.907 228.896
837.22 244.173
814.496 259.154
792.184 274.128
769.908 288.692
748.063 303.324
726.371 317.716
