767.77 202.519
789.576 216.477
811.409 230.653
833.247 244.759
855.125 259.135
876.98 273.537
898.87 287.892
920.773 302.114
942.518 316.538
753.477 225.05
775.289 239.084
796.834 253.166
818.581 267.3
840.327 281.583
862.122 295.826
883.826 310.15
905.525 324.408
927.318 338.721
739.406 247.327
760.953 261.305
782.43 275.417
804.076 289.422
825.673 303.635
847.442 317.76
869.023 332.092
890.553 346.351
912.142 360.635
725.392 269.449
746.797 283.425
768.283 297.318
789.73 311.384
811.28 325.469
832.755 339.698
854.235 353.884
875.711 368.044
897.21 382.262
711.547 291.368
732.806 305.242
754.129 319.192
775.491 333.153
796.815 347.287
818.228 361.301
839.568 375.481
861.004 389.584
882.28 403.713
697.749 313.058
718.954 326.995
740.07 340.807
761.424 354.734
782.532 368.663
803.941 382.715
825.183 396.694
846.383 410.889
867.582 424.98
