201.325 544.272
183.895 544.176
166.763 544.156
149.444 544.136
131.947 544.055
114.322 544.176
96.8544 544.157
79.1705 544.194
61.3628 544.07
201.549 527.682
184.25 527.597
167.22 527.609
149.736 527.511
132.381 527.497
114.759 527.423
97.3106 527.442
79.507 527.374
61.792 527.411
201.828 511.092
184.474 510.981
167.49 510.841
149.912 510.802
132.736 510.683
115.215 510.675
97.6887 510.511
79.8169 510.446
62.1764 510.337
201.994 494.39
184.979 494.371
167.712 494.27
150.426 494.114
133.149 494.143
115.59 493.87
97.9907 493.817
80.312 493.674
62.5891 493.739
202.451 478.11
185.364 478.038
168.163 477.812
150.923 477.717
133.602 477.527
116.032 477.511
98.5669 477.23
81.1092 477.231
63.3155 476.854
202.767 461.525
185.61 461.364
168.458 461.242
151.268 461.033
133.886 460.88
116.419 460.609
99.1409 460.527
81.3765 460.23
63.6713 460.215
