118.987 540.006
119.515 524.2
119.415 508.572
119.677 492.967
119.7 477.517
120.016 461.947
120.15 446.523
120.443 431.198
120.598 415.832
136.155 539.913
136.196 524.172
136.422 508.599
136.428 492.917
136.751 477.651
136.87 462.03
137.172 446.778
137.267 431.397
137.466 416.249
152.628 539.712
153.281 524.042
153.09 508.542
153.318 492.92
153.189 477.692
153.628 462.142
153.62 446.824
153.739 431.682
154.009 416.412
169.745 539.482
169.476 524.028
169.736 508.472
169.737 492.986
169.981 477.791
169.994 462.275
170.078 447.151
170.321 431.805
170.325 416.802
185.923 539.412
186.066 523.959
186.126 508.508
186.282 493.054
186.307 477.853
186.445 462.427
186.523 447.372
186.674 432.225
186.665 417.127
202.642 539.333
202.434 523.766
202.564 508.377
202.673 493.082
202.673 477.814
202.687 462.639
202.884 447.635
202.982 432.341
202.936 417.512
