979.501 408.644
955.532 411.105
931.473 413.676
907.653 416.208
883.838 418.754
860.021 421.276
836.248 423.788
812.557 426.299
788.987 428.839
976.914 384.72
952.908 387.401
928.977 389.846
905.084 392.512
881.301 395.024
857.346 397.585
833.701 400.212
810.072 402.717
786.47 405.263
974.431 361.126
950.412 363.606
926.49 366.351
902.597 368.873
878.686 371.503
854.857 373.951
831.189 376.618
807.581 379.257
783.965 381.822
971.97 337.273
947.882 339.941
923.968 342.491
900.103 345.174
876.183 347.696
852.377 350.449
828.644 353.047
804.987 355.63
781.402 358.347
969.245 313.592
945.319 316.197
921.309 318.927
897.443 321.476
873.592 324.294
849.805 326.899
826.075 329.579
802.51 332.218
778.82 334.979
966.723 289.691
942.586 292.572
918.747 295.212
894.797 297.833
871.069 300.577
847.297 303.233
823.531 305.847
799.934 308.66
776.365 311.455
