413.206 359.093
439.001 357.395
464.638 355.756
490.233 354.238
515.687 352.816
541.191 351.315
566.576 349.699
591.679 348.298
616.774 347.006
415.3 384.819
441.143 383.09
466.589 381.453
492.215 379.695
517.451 378.27
543.031 376.744
568.111 375.222
593.193 373.609
618.207 372.161
417.531 410.155
443.172 408.481
468.671 406.853
493.943 405.239
519.288 403.53
544.638 401.855
569.706 400.441
594.736 398.913
619.545 397.346
419.673 435.473
445.233 433.714
470.631 432.068
495.816 430.419
521.103 428.764
546.343 427.131
571.256 425.453
596.321 423.768
620.955 422.214
422 460.601
447.288 458.908
472.65 457.116
497.712 455.389
522.947 453.651
547.931 451.896
572.852 450.368
597.606 448.671
622.411 447.033
424.209 485.525
449.431 483.694
474.534 481.954
499.641 480.266
524.631 478.485
549.628 476.707
574.437 474.989
599.144 473.263
623.664 471.519
