485.511 253.489
486.639 273.021
487.681 292.303
488.828 311.327
489.968 330.317
491.042 349.301
492.248 367.59
493.3 386.014
494.394 404.249
466.054 253.94
467.326 273.635
468.557 292.744
469.808 311.953
470.921 330.851
472.218 349.709
473.372 368.212
474.62 386.706
475.803 404.716
446.924 254.633
448.221 274.132
449.432 293.443
450.859 312.528
452.076 331.496
453.478 350.259
454.79 368.824
455.977 387.257
457.25 405.361
427.383 255.316
429.056 274.749
430.407 293.947
431.848 313.218
433.298 331.968
434.727 350.788
435.958 369.377
437.486 387.686
438.934 405.785
408.488 255.804
409.897 275.384
411.45 294.648
412.937 313.712
414.451 332.64
415.928 351.33
417.418 369.891
418.931 388.134
420.386 406.346
388.987 256.486
390.649 275.983
392.311 295.203
393.975 314.362
395.517 333.111
397.226 351.999
398.798 370.323
400.411 388.825
401.99 406.896
