982.684 400.845
964.192 414.743
945.615 428.857
926.87 443.082
907.897 457.423
888.771 471.86
869.389 486.553
849.837 501.302
830.182 516.074
971.022 380
952.382 393.956
933.68 408.016
914.696 422.253
895.627 436.533
876.188 451.12
856.734 465.677
837.041 480.378
817.237 495.257
959.352 359.139
940.467 373.028
921.68 387.12
902.552 401.237
883.231 415.61
863.607 430.099
844.148 444.64
824.25 459.379
804.131 474.24
947.383 337.8
928.428 351.813
909.361 365.841
890.216 379.938
870.554 394.325
850.983 408.745
831.231 423.367
811.235 438.048
790.833 452.929
935.199 316.52
916.173 330.337
896.889 344.416
877.408 358.478
857.829 372.808
837.946 387.217
817.969 401.839
797.771 416.506
777.396 431.361
922.998 294.637
903.696 308.669
884.389 322.529
864.813 336.65
844.963 350.916
825.034 365.361
804.681 379.937
784.412 394.613
763.757 409.471
