506.456 429.798
489.051 430.833
471.269 431.938
453.297 433.161
434.833 434.404
415.957 435.64
396.657 436.925
376.906 438.243
356.847 439.535
507.032 409.966
489.357 411.027
471.739 411.878
453.404 412.911
435.106 413.793
415.876 414.933
396.744 415.894
376.822 417.065
356.771 418.096
507.632 390.536
490.06 391.054
472.228 391.808
454.085 392.51
435.284 393.383
416.289 394.088
396.995 394.978
377.143 395.776
356.733 396.644
508.378 370.281
490.636 371.017
472.708 371.411
454.566 371.968
435.604 372.482
416.572 373.113
397.152 373.666
377.234 374.254
356.733 374.954
508.8 350.424
491.213 350.765
473.152 350.993
454.799 351.258
435.987 351.57
416.798 351.879
397.083 352.22
377.2 352.633
356.653 353.039
509.592 329.919
491.627 330.153
473.833 330.182
455.301 330.232
436.597 330.358
417.201 330.486
397.451 330.54
377.259 330.722
356.838 330.848
