1066.12 326.767
1052.32 352.619
1038.57 378.271
1024.92 403.872
1011.26 429.381
997.463 454.752
983.937 480.122
970.55 505.333
957.011 530.293
1041.06 313.417
1027.4 339.333
1013.6 365.059
1000.14 390.775
986.345 416.34
972.842 441.907
959.251 467.297
945.785 492.554
932.311 517.684
1016.41 300.139
1002.55 326.048
988.946 351.885
975.352 377.607
961.717 403.344
948.202 428.973
934.761 454.431
921.251 479.763
907.743 505.049
991.286 286.621
977.554 312.699
964.028 338.661
950.474 364.446
936.808 390.232
923.292 415.94
909.847 441.458
896.464 466.917
882.985 492.287
966.083 273.328
952.483 299.26
938.842 325.342
925.312 351.11
911.698 377.066
898.231 402.724
884.728 428.463
871.268 453.909
857.879 479.443
940.711 259.586
927.038 285.819
913.48 311.771
900.065 337.849
886.488 363.684
873.131 389.609
859.53 415.362
846.225 440.974
832.731 466.476
