980.66 253.445
980.442 282.988
980.148 312.314
979.821 341.611
979.492 370.988
978.843 400.233
978.408 429.417
978.203 458.474
977.518 487.347
950.675 253.846
950.573 283.237
950.238 312.618
950.179 341.722
949.673 371.231
949.382 400.29
948.942 429.522
948.516 458.369
948.127 487.379
921.465 254.178
921.107 283.509
920.84 312.825
920.586 341.923
920.423 371.235
920.163 400.391
919.908 429.429
919.456 458.447
918.91 487.282
891.874 254.46
891.772 283.71
891.612 313.06
891.383 342.085
890.975 371.33
890.696 400.42
890.525 429.415
890.292 458.395
889.947 487.246
862.507 255.065
862.305 283.893
862.219 313.308
862.018 342.26
861.88 371.431
861.609 400.462
861.254 429.449
860.864 458.306
860.632 487.141
832.921 255.238
832.838 284.371
832.689 313.384
832.663 342.461
832.481 371.425
832.455 400.531
832.224 429.425
832.062 458.288
831.655 487.115
