861.262 297.084
863.036 322.708
864.683 348.187
866.481 373.746
868.325 399.273
869.919 425.055
871.497 450.597
873.294 476.05
874.673 501.399
835.229 299.525
837.067 325.013
838.74 350.578
840.535 375.78
842.247 401.52
844.005 426.958
845.726 452.54
847.253 477.713
848.837 503.196
809.701 301.778
811.48 327.367
813.067 352.737
814.832 378.073
816.671 403.465
818.474 429.002
820.095 454.287
821.682 479.509
823.326 504.791
784.128 304.379
785.951 329.547
787.88 354.958
789.484 380.158
791.189 405.574
792.802 430.897
794.54 456.057
796.314 481.234
797.986 506.494
758.751 306.844
760.548 331.861
762.346 357.24
764.147 382.343
765.816 407.478
767.565 432.75
769.161 457.822
770.876 482.971
772.517 508.027
733.546 309.256
735.231 334.311
736.971 359.422
738.866 384.388
740.609 409.485
742.519 434.611
744.277 459.622
745.836 484.678
747.349 509.604
