584.879 421.36
564.816 433.579
544.702 445.832
524.624 458.165
504.404 470.564
484.107 483.004
463.961 495.42
443.792 507.912
423.515 520.286
572.531 401.042
552.311 413.466
532.338 425.603
512.035 438.056
491.888 450.3
471.428 462.8
451.339 475.214
430.939 487.654
410.763 500.098
560.129 380.963
539.952 393.261
519.764 405.412
499.481 417.792
479.282 430.144
458.968 442.596
438.636 454.973
418.264 467.416
398.035 479.896
547.619 360.68
527.478 372.991
507.32 385.235
486.983 397.54
466.669 409.926
446.319 422.267
425.931 434.644
405.62 447.198
385.26 459.613
535.226 340.487
514.99 352.63
494.708 364.909
474.413 377.196
454.089 389.545
433.698 401.911
413.249 414.329
392.961 426.753
372.496 439.251
522.729 320.075
502.418 332.31
482.22 344.447
461.822 356.828
441.49 369.157
420.985 381.609
400.646 393.951
380.166 406.406
359.725 418.822
