891.422 384.975
874.503 403.899
857.615 422.809
840.638 441.827
823.578 460.924
806.387 480.075
789.307 499.249
772.108 518.389
754.926 537.501
873.154 367.29
856.246 386.351
839.216 405.283
822.224 424.396
805.066 443.451
787.8 462.663
770.529 481.922
753.28 501.185
735.999 520.311
854.987 349.757
837.766 368.726
820.813 387.782
803.573 406.863
786.377 426.133
769.112 445.305
751.948 464.455
734.464 483.792
717.14 503.112
836.305 332.012
819.29 351.099
802.085 370.169
785.067 389.188
767.596 408.453
750.258 427.764
732.937 447.023
715.626 466.288
698.054 485.777
817.791 314.209
800.604 333.245
783.407 352.44
766.029 371.606
748.718 390.787
731.371 410.08
713.798 429.493
696.457 448.761
678.852 468.188
798.974 296.331
781.675 315.476
764.454 334.466
747.199 353.582
729.582 372.915
712.212 392.279
694.6 411.629
677.126 431.083
659.541 450.485
