683.936 398.5
643.378 396.569
602.221 394.688
560.221 392.709
517.442 390.91
473.891 389.112
429.837 387.316
385.21 385.498
339.935 383.704
686.648 356.015
646.138 353.84
604.53 351.465
562.459 349.269
519.17 346.909
475.649 344.667
431.065 342.492
386.32 340.344
340.425 338.167
689.743 313.53
648.744 310.824
607.125 308.025
564.602 305.366
521.284 302.645
477.264 300.014
432.636 297.468
387.284 294.916
341.374 292.376
692.804 270.311
651.483 267.228
609.529 264.006
566.93 260.852
523.273 257.867
479.062 254.792
434.046 251.686
388.5 248.845
342.139 245.849
695.407 226.789
654.384 223.142
611.989 219.59
569.209 215.899
525.359 212.397
480.84 208.946
435.641 205.555
389.539 202.175
343.2 198.758
698.642 182.501
657.015 178.552
614.778 174.314
571.531 170.411
527.482 166.471
482.789 162.571
437.234 158.769
391.109 154.841
343.87 150.943
