480.897 119.013
478.063 176.112
475.46 231.847
473.196 286.25
470.594 339.269
468.332 391.329
466.028 441.852
464.03 491.202
462.113 539.017
425.474 113.891
423.523 171.816
421.439 228.779
419.617 283.689
417.796 338.011
416.2 390.398
414.803 441.974
413.382 491.628
412.21 540.553
368.721 108.413
367.365 167.706
366.246 225.474
365.224 281.591
364.117 336.383
362.936 389.925
362.365 441.923
361.918 492.581
361.203 541.783
309.771 102.748
309.466 163.316
308.888 222.162
308.75 279.197
308.441 334.952
308.366 389.294
308.432 441.926
308.443 493.358
308.951 543.214
248.622 96.9994
249.406 158.795
250.112 218.699
250.754 276.814
251.314 333.357
252.161 388.441
252.945 441.924
254.024 494.055
254.983 544.468
185.323 90.5463
187.568 154.022
189.373 215.371
190.764 274.217
192.765 331.737
194.059 387.743
195.838 442.084
197.691 494.896
199.905 545.932
