603.707 328.126
565.37 350.373
526.966 372.733
488.389 395.399
449.726 418.107
410.847 440.974
372.258 463.816
333.643 486.831
295.171 509.721
581.524 288.553
543.113 310.935
504.007 333.471
465.28 356.155
425.942 379.097
387.035 401.995
347.774 425.284
309.013 448.268
269.776 471.555
559.443 248.587
520.307 271.034
481.096 293.689
441.646 316.545
402.272 339.593
362.634 362.719
323.222 385.967
283.828 409.401
244.526 432.684
536.71 207.804
497.284 230.417
457.528 253.169
417.865 276.113
377.927 299.322
338.02 322.594
298.102 346.045
258.33 369.491
218.588 393.11
513.443 166.633
473.748 189.074
433.618 212.048
393.593 234.982
353.285 258.286
312.967 281.757
272.744 305.229
232.388 329.027
192.331 352.587
490.054 124.254
449.8 147.056
409.304 169.97
368.802 193.115
328.145 216.616
287.426 240.129
246.688 263.875
206.028 287.572
165.322 311.526
