946.961 309.963
961.781 295.445
976.693 280.558
991.732 265.591
1007.03 250.498
1022.47 235.039
1038.23 219.738
1054.17 203.941
1070.44 188.014
960.956 323.544
975.966 308.729
990.898 294.108
1006.31 278.872
1021.58 264.029
1037.46 248.513
1053.16 233.186
1069.49 217.24
1085.7 201.381
975.022 336.877
990.251 322.455
1005.41 307.462
1020.76 292.55
1036.37 277.4
1052.4 262.096
1068.49 246.589
1084.61 230.624
1101.42 214.842
989.328 350.667
1004.53 336.041
1020.01 321.243
1035.57 306.325
1051.49 291.267
1067.53 275.73
1083.65 260.119
1100.51 244.519
1117.13 228.274
1003.7 364.64
1019.15 349.859
1034.67 335.206
1050.51 320.144
1066.47 305.069
1082.79 289.577
1099.27 274.166
1115.95 258.334
1133.11 242.257
1018.21 378.602
1033.76 363.874
1049.56 348.943
1065.6 334.295
1081.79 318.91
1098.21 303.761
1115.03 288.111
1132.02 272.366
1149.18 256.083
