1191.53 269.284
1189.68 287.311
1188.08 305.19
1186.3 322.781
1184.69 340.292
1183.05 357.645
1181.56 374.768
1180.03 391.591
1178.43 408.496
1171.43 269.961
1170.06 287.831
1168.43 305.443
1166.9 323.107
1165.33 340.464
1164 357.586
1162.49 374.72
1160.99 391.514
1159.62 408.318
1152.26 270.515
1150.61 288.393
1149.21 305.808
1147.86 323.3
1146.47 340.583
1145.11 357.637
1143.79 374.659
1142.42 391.417
1140.96 408.034
1132.68 271.18
1131.55 288.759
1130.34 306.239
1128.95 323.503
1127.76 340.749
1126.52 357.637
1125.11 374.626
1124.15 391.212
1122.86 407.75
1114.01 271.452
1112.71 289.175
1111.58 306.477
1110.42 323.603
1109.19 340.734
1108.11 357.604
1106.89 374.431
1105.86 391.043
1104.73 407.401
1094.92 272.015
1094.15 289.463
1092.89 306.769
1092.02 323.865
1090.83 340.828
1089.9 357.684
1088.81 374.328
1087.81 390.965
1086.82 407.238
