1120.02 250.115
1133.66 261.457
1147.25 272.801
1160.95 284.188
1174.72 295.514
1188.76 307.162
1202.55 318.554
1216.58 330.049
1230.64 341.66
1106.74 264.067
1120.36 275.359
1133.7 286.555
1147.35 297.882
1160.9 309.332
1174.65 320.758
1188.44 332.198
1202.29 343.708
1216.26 355.227
1093.86 277.55
1107.29 288.78
1120.43 300.004
1134 311.375
1147.39 322.688
1161.02 334.069
1174.58 345.491
1188.3 357.007
1201.85 368.503
1080.99 291.064
1094.23 302.192
1107.46 313.278
1120.79 324.662
1134.15 335.909
1147.45 347.313
1160.92 358.692
1174.47 370.085
1188.14 381.546
1068.45 304.062
1081.64 315.197
1094.57 326.41
1107.84 337.665
1120.94 348.99
1134.23 360.221
1147.53 371.627
1160.93 383.003
1174.22 394.387
1056.02 317.291
1069.08 328.287
1082.03 339.483
1095.08 350.587
1108.12 361.872
1121.15 373.098
1134.27 384.357
1147.54 395.729
1160.93 407.149
