561.405 334.844
520.315 344.942
478.605 355.166
436.009 365.728
392.735 376.474
348.598 387.505
303.908 398.627
258.593 410.208
212.5 421.716
551.943 292.253
510.397 301.99
468.106 311.908
424.949 322.145
381.166 332.544
336.482 343.235
291.219 354.272
245.243 365.344
198.364 376.709
542.353 248.786
500.253 258.266
457.526 267.737
413.803 277.738
369.452 287.8
324.116 298.246
278.26 308.76
231.521 319.71
184.07 330.679
532.64 204.702
490.108 213.71
446.699 223.004
402.645 232.409
357.551 242.269
311.746 252.255
265.083 262.461
217.774 272.96
169.338 283.63
522.622 159.744
479.618 168.353
435.77 177.178
390.997 186.29
345.464 195.603
298.972 205.313
251.74 215.18
203.477 225.263
154.448 235.487
512.585 113.912
469.197 122.138
424.582 130.459
379.458 139.157
333.022 148.167
286.081 157.297
237.79 166.68
189.033 176.303
138.552 185.866
