184.219 311.86
213.56 286.236
242.844 260.906
271.914 235.741
301.039 210.685
329.913 185.843
358.705 161.358
387.15 137.002
415.591 112.988
212.639 341.282
241.538 315.876
270.494 290.561
299.019 265.591
327.902 240.629
356.442 216.033
384.841 191.407
412.906 167.393
441.091 143.285
240.129 369.871
268.67 344.616
297.205 319.515
325.586 294.63
354.003 269.878
382.217 245.27
410.401 220.915
438.232 196.772
465.932 172.97
267.151 398.333
295.532 373.123
323.715 348.183
351.823 323.331
379.718 298.729
407.758 274.241
435.451 249.977
463.136 225.99
490.429 202.2
294.037 426.009
321.743 401.193
349.753 376.229
377.543 351.6
405.254 327.147
432.829 302.77
460.255 278.707
487.514 254.796
514.567 231.152
320.226 453.551
347.797 428.639
375.348 404.02
402.915 379.493
430.169 355.071
457.598 330.781
484.585 306.845
511.62 283.072
538.322 259.477
