1062.56 441.16
1021.86 424.023
982.013 407.272
942.911 390.608
904.395 374.485
866.351 358.803
829.381 343.415
793.12 328.199
757.459 313.565
1081.8 401.241
1040.55 384.605
999.971 367.83
960.351 351.862
921.151 335.763
882.922 320.306
845.206 305.138
808.456 290.41
772.275 275.839
1101.4 361.209
1059.38 344.636
1018.3 328.358
977.847 312.324
938.372 296.702
899.419 281.393
861.272 266.456
823.802 252.048
787.354 237.883
1121.55 319.973
1078.75 303.688
1036.93 287.736
995.938 271.953
955.712 256.776
916.264 241.806
877.532 227.155
839.737 212.793
802.601 199.086
1141.93 277.928
1098.64 261.951
1055.82 246.393
1014.44 231.041
973.432 215.994
933.509 201.353
894.273 187.104
855.841 173.211
818.308 159.686
1163.64 234.503
1118.99 219.259
1075.64 203.749
1033.23 188.981
991.639 174.453
950.971 160.072
911.2 146.291
872.306 132.629
834.064 119.57
