220.057 373.649
234.137 338.546
248.247 303.282
262.643 267.962
277.208 232.382
291.456 196.465
306.27 160.773
321.099 125.089
335.81 88.9368
256.624 388.54
270.518 353.731
284.908 318.666
299.06 283.669
313.698 248.178
328.293 212.823
342.956 177.154
357.692 141.814
372.625 105.907
292.315 403.242
306.327 368.652
320.514 333.869
334.828 298.931
349.552 263.944
364.094 228.651
378.8 193.332
393.543 158.047
408.456 122.679
327.694 417.955
341.95 383.516
356.259 349.041
370.639 314.218
385.084 279.42
399.731 244.438
414.445 209.408
429.269 174.333
444.063 139.24
363.054 432.263
377.071 398.278
391.451 363.775
405.864 329.478
420.406 294.789
434.964 260.176
449.763 225.397
464.537 190.538
479.403 155.771
397.9 446.787
411.996 412.761
426.356 378.779
440.854 344.465
455.189 310.164
469.981 275.571
484.603 241.179
499.408 206.464
514.196 171.967
