242.167 413.423
239.76 375.127
237.178 336.332
234.982 297.329
232.585 257.742
229.75 217.599
227.414 177.373
225.071 136.795
222.225 95.3672
280.744 412.38
278.398 374.228
276.376 335.422
274.002 296.637
271.924 256.867
269.788 217.266
267.533 176.768
265.289 136.439
262.938 95.056
318.735 411.57
316.677 373.394
314.75 334.78
312.752 295.681
311.054 256.359
308.971 216.57
307.043 176.336
305.003 135.788
303.096 94.9723
356.982 410.763
355.349 372.535
353.635 334.081
351.889 294.948
350.044 255.671
348.312 215.873
346.65 175.823
344.906 135.461
343.244 94.7605
395.307 409.799
393.748 371.898
392.132 333.052
390.718 294.405
389.23 254.928
387.742 215.466
386.332 175.464
384.823 135.192
383.389 94.6692
433.671 409.162
432.232 371.05
430.985 332.505
429.66 293.589
428.274 254.483
427.019 214.769
425.743 175.124
424.438 134.807
423.193 94.3604
