1244.18 406.426
1226.35 412.192
1209.18 417.752
1192.49 423.125
1176.17 428.429
1160.24 433.547
1145.11 438.462
1130 443.409
1116.1 447.843
1236.19 390.882
1218.38 396.974
1201.47 402.594
1184.75 408.304
1168.71 413.694
1152.85 419.128
1137.74 424.193
1122.93 429.239
1108.76 433.981
1228.11 375.676
1210.55 381.714
1193.58 387.749
1176.99 393.564
1161.1 399.156
1145.48 404.568
1130 410.037
1115.41 415.223
1101.56 419.994
1219.89 360.125
1202.57 366.487
1185.81 372.545
1169.26 378.607
1153.52 384.392
1137.7 390.122
1122.75 395.559
1107.77 401.046
1094.02 406.167
1212.09 344.558
1194.72 351.18
1177.93 357.501
1161.66 363.653
1145.78 369.626
1130.38 375.537
1115.42 381.18
1100.73 386.751
1087.1 392.017
1203.85 328.937
1186.75 335.752
1169.96 342.322
1153.76 348.707
1138.05 354.819
1122.59 360.943
1107.86 366.705
1093.19 372.505
1079.35 378.028
