1221.97 393.52
1202.33 393.827
1182.99 394.222
1164.06 394.396
1145.18 394.71
1126.75 394.787
1108.55 395.038
1090.55 395.131
1072.72 395.152
1224.08 378.565
1204.11 379.065
1184.76 379.314
1165.36 379.679
1146.57 380.013
1127.64 380.339
1109.36 380.575
1090.95 380.769
1073.14 380.987
1226.3 363.421
1206.11 363.829
1186.37 364.587
1166.82 364.935
1147.77 365.28
1128.78 365.539
1110.32 365.981
1091.86 366.314
1073.65 366.573
1228.5 347.817
1208.01 348.615
1188.16 349.114
1168.44 349.631
1149.01 350.05
1129.87 350.562
1111.09 351.067
1092.47 351.297
1074.29 351.68
1230.68 331.971
1210.11 332.802
1189.83 333.425
1169.9 334.03
1150.43 334.692
1130.85 335.22
1111.94 335.685
1093.12 336.248
1074.69 336.729
1233.14 315.716
1212.1 316.777
1191.66 317.405
1171.5 318.282
1151.68 318.952
1132.24 319.462
1112.88 320.188
1093.87 320.883
1075.15 321.37
