1259.65 278.41
1251.96 296.294
1244.46 313.824
1237.17 330.808
1230.1 347.707
1223.1 364.244
1216.46 380.254
1209.86 396.008
1203.47 411.418
1238.36 274.469
1231.14 292.331
1223.93 309.613
1217.1 326.638
1210.21 343.342
1203.63 359.737
1197.19 375.766
1190.89 391.491
1184.73 406.887
1217.86 270.54
1210.73 288.305
1203.95 305.537
1197.29 322.564
1190.76 339.107
1184.51 355.442
1178.32 371.446
1172.11 387.159
1166.21 402.432
1197.33 266.731
1190.75 284.288
1184.19 301.475
1177.81 318.38
1171.68 334.893
1165.5 351.127
1159.52 367.096
1153.76 382.659
1148.1 397.982
1177.48 262.655
1171.03 280.303
1164.8 297.351
1158.64 314.137
1152.75 330.568
1146.96 346.721
1141.18 362.616
1135.64 378.133
1130.1 393.398
1157.54 258.811
1151.54 276.285
1145.48 293.306
1139.7 310.132
1133.98 326.393
1128.36 342.667
1122.98 358.25
1117.58 373.898
1112.34 389.074
