696.996 303.436
718.568 303.634
740.375 304.092
761.871 304.513
783.622 305.007
805.263 305.397
826.605 305.783
848.147 306.164
869.464 306.745
696.646 325.464
718.371 325.751
739.968 326.039
761.497 326.469
783.043 326.965
804.626 327.434
826.204 327.645
847.519 328.2
868.786 328.608
696.37 347.2
718.034 347.409
739.511 347.846
761.044 348.165
782.576 348.682
804.242 348.961
825.677 349.408
846.972 349.785
868.285 350.334
696.066 368.985
717.603 369.325
739.059 369.508
760.647 369.941
782.198 370.324
803.643 370.776
824.989 371.204
846.379 371.491
867.685 371.832
695.585 390.688
717.147 390.942
738.583 391.382
760.191 391.557
781.577 392.08
802.922 392.414
824.345 392.966
845.67 393.198
866.778 393.615
695.19 412.343
716.766 412.749
738.24 413.053
759.838 413.377
780.92 413.592
802.529 413.946
823.757 414.326
845.13 414.764
866.261 415.143
