984.769 235.758
999.522 256.823
1013.99 277.84
1028.47 298.729
1042.86 319.671
1057.3 340.696
1071.48 361.314
1085.76 381.808
1099.63 402.418
962.618 251.746
977.263 272.605
991.844 293.496
1006.21 314.193
1020.66 335.088
1034.89 355.726
1049.24 376.309
1063.16 396.716
1077.31 417.131
940.966 267.241
955.621 288.089
969.916 308.768
984.472 329.401
998.74 350.078
1013.25 370.485
1027.26 391.005
1041.27 411.423
1055.18 431.594
919.432 282.723
934.006 303.346
948.63 323.807
962.902 344.429
977.274 364.808
991.384 385.318
1005.45 405.595
1019.54 425.664
1033.43 445.78
898.188 297.923
912.732 318.382
927.156 338.85
941.437 359.092
955.627 379.537
969.874 399.719
983.812 419.948
997.912 439.936
1011.62 459.921
877.134 313.084
891.48 333.482
905.895 353.706
920.271 373.919
934.462 393.917
948.719 414.198
962.782 434.07
976.655 454.122
990.376 473.941
