771.831 361.409
793.457 346.845
815.271 332.259
837.176 317.503
859.384 302.626
881.636 287.607
904.186 272.546
926.831 257.421
949.662 242.04
786.051 382.921
807.842 368.384
829.498 353.983
851.732 339.153
873.759 324.577
896.365 309.586
918.663 294.663
941.559 279.578
964.371 264.368
800.421 404.284
822.152 389.981
844.015 375.5
866.033 361.008
888.366 346.335
910.806 331.584
933.419 316.677
956.175 301.621
979.14 286.549
814.58 425.768
836.41 411.548
858.401 397.307
880.524 382.801
902.792 368.278
925.312 353.56
947.912 338.737
970.813 323.849
993.687 308.796
828.87 447.215
850.645 433.13
872.663 418.905
894.842 404.545
917.204 390.142
939.644 375.501
962.416 360.862
985.215 346.052
1008.32 331.139
842.977 468.692
864.892 454.588
886.85 440.533
909.225 426.338
931.417 412.012
954.161 397.457
976.753 382.957
999.825 368.154
1022.81 353.372
