761.318 404.445
780.035 392.317
798.997 380.072
817.711 367.837
836.757 355.49
855.722 343.103
874.79 330.84
893.68 318.452
912.884 306.083
773.138 422.967
791.945 410.811
810.47 398.655
829.532 386.442
848.262 374.302
867.381 362.054
886.11 349.715
905.23 337.483
924.04 325.028
784.873 440.993
803.44 429.028
822.192 416.915
840.895 404.827
859.739 392.652
878.576 380.51
897.591 368.318
916.383 356.085
935.412 343.93
796.368 459.159
815.025 447.154
833.592 435.266
852.375 423.138
871.035 411.147
889.88 398.968
908.665 386.886
927.573 374.67
946.288 362.542
807.798 476.909
826.287 465.092
844.931 453.201
863.489 441.246
882.253 429.321
900.97 417.264
919.691 405.318
938.33 393.206
957.288 381.125
819.173 494.831
837.734 482.907
856.121 471.176
874.875 459.318
893.229 447.476
912.093 435.401
930.548 423.578
949.473 411.475
967.984 399.455
