723.13 482.958
724.103 457.353
724.492 431.512
725.112 405.803
725.968 380.026
726.325 354.33
726.908 328.492
727.804 302.905
728.255 277.09
748.877 483.458
749.503 457.662
750.307 432.257
750.733 406.316
751.517 380.807
752.232 354.812
752.695 329.288
753.357 303.276
754.106 277.59
774.425 483.873
775.081 458.386
775.756 432.679
776.471 407.117
777.067 381.259
778.086 355.439
778.518 329.55
778.981 303.79
779.786 277.998
800.001 484.566
800.613 458.893
801.709 433.303
802.323 407.514
802.794 381.769
803.587 355.925
804.298 330.308
804.891 304.52
805.538 278.878
825.451 485.011
826.289 459.416
826.9 433.775
827.862 408.128
828.458 382.47
829.164 356.713
830.031 331.013
830.503 305.327
831.094 279.427
850.809 485.52
851.611 459.909
852.399 434.437
853.429 408.803
854.107 383.217
854.84 357.348
855.619 331.628
856.292 305.728
856.642 280.102
