228.733 397.756
248.564 376.39
268.396 354.726
288.321 333.295
308.255 311.741
328.19 290.206
348.255 268.708
368.362 247.467
388.341 225.955
251.819 417.788
271.268 396.409
291.11 375.013
310.744 353.537
330.814 332.215
350.666 310.749
370.589 289.349
390.481 268.04
410.56 246.772
274.088 437.42
293.7 416.178
313.142 394.802
333.026 373.599
352.75 352.27
372.698 330.971
392.491 309.57
412.351 288.396
432.247 267.241
296.408 457.033
315.947 435.87
335.613 414.876
355.16 393.531
374.869 372.387
394.535 351.06
414.352 329.851
434.202 308.755
453.91 287.641
318.632 476.371
338.066 455.409
357.453 434.306
377.146 413.251
396.633 392.166
416.387 371.051
435.926 349.923
455.667 328.967
475.393 307.895
340.632 495.682
359.853 474.594
379.337 453.752
398.8 432.824
418.235 411.864
437.941 390.861
457.507 369.99
477.056 348.829
496.617 328.002
