283.074 462.57
282.611 433.443
281.822 404.202
281.486 374.772
281.195 345.301
280.456 315.529
280.03 285.785
279.909 255.914
279.363 225.934
313.213 461.881
312.562 433.285
312.138 404.125
311.581 375.193
311.431 345.592
311.151 316.303
310.815 286.705
310.517 257.313
310.249 227.354
342.391 461.586
341.852 433.028
341.414 404.323
341.284 375.282
341.146 346.227
340.996 317.043
340.7 287.665
340.441 258.293
340.258 228.954
371.345 461.211
371.134 432.876
371.185 404.278
370.823 375.507
370.461 346.711
370.321 317.737
370.274 288.686
370.184 259.593
369.992 230.361
399.884 460.692
399.685 432.639
399.529 404.266
399.501 375.72
399.369 347.281
399.309 318.501
399.288 289.668
399.25 260.949
399.222 231.922
428.302 460.417
427.87 432.506
427.983 404.246
428.056 376.021
427.795 347.717
428.026 319.301
427.948 290.791
428.013 262.043
427.904 233.456
