355.615 509.011
339.734 485.304
323.556 461.483
307.316 437.26
290.865 412.805
274.124 388.102
257.409 363.148
240.57 337.752
223.384 312.346
379.827 493.267
364.13 469.751
348.227 445.759
332.178 421.734
315.86 397.158
299.555 372.424
282.867 347.441
266.331 322.292
249.294 296.632
403.73 478.019
388.184 454.331
372.393 430.598
356.557 406.238
340.613 381.79
324.485 356.96
308.125 332.069
291.526 306.819
274.953 281.345
427.592 462.677
412.273 439.081
396.993 414.977
381.228 390.833
365.345 366.426
349.407 341.72
333.242 316.612
317.052 291.466
300.438 265.965
451.338 447.401
436.235 423.78
420.87 399.851
405.519 375.578
389.892 351.243
374.18 326.465
358.252 301.529
342.149 276.422
325.994 250.886
475.086 432.28
459.991 408.763
444.985 384.635
429.861 360.517
414.379 336.186
398.984 311.353
383.165 286.446
367.326 261.278
351.115 235.838
