900.271 233.894
914.242 258.806
927.836 283.717
941.482 308.332
954.922 332.877
968.224 357.483
981.333 381.629
994.604 405.447
1007.25 429.326
875.14 248.96
889.061 273.8
902.879 298.566
916.479 323.058
930.018 347.602
943.3 371.807
956.707 395.946
969.589 419.675
982.671 443.508
850.284 263.804
864.274 288.566
877.968 313.225
891.769 337.641
905.369 361.95
918.986 386.108
932.144 410.095
945.292 433.887
958.219 457.443
825.493 278.714
839.48 303.291
853.579 327.691
867.27 352.132
880.86 376.293
894.306 400.391
907.697 424.197
920.992 447.828
933.923 471.293
800.832 293.451
814.909 317.89
828.828 342.33
842.599 366.443
856.261 390.576
869.84 414.456
883.2 438.276
896.509 461.76
909.497 485.154
776.208 308.228
790.146 332.587
804.285 356.854
818.191 380.857
831.855 404.746
845.644 428.599
859.116 452.203
872.346 475.676
885.436 498.958
