884.778 265.777
907.667 280.981
930.619 296.525
953.701 312.033
977.001 327.742
1000.32 343.657
1023.74 359.587
1047.44 375.369
1071.01 391.557
868.637 289.109
891.385 304.432
914.187 319.855
937.141 335.352
960.169 351.196
983.311 366.91
1006.64 382.826
1029.82 398.736
1053.4 414.837
852.787 311.993
875.336 327.3
897.846 342.806
920.678 358.302
943.524 374.072
966.612 389.762
989.564 405.731
1012.73 421.704
1035.95 437.779
837.02 334.711
859.349 350.126
881.85 365.44
904.398 381.063
927.1 396.699
949.854 412.603
972.719 428.414
995.705 444.378
1018.76 460.367
821.376 357.315
843.499 372.582
865.755 388.101
888.176 403.584
910.681 419.323
933.368 435.028
955.977 450.986
978.807 466.838
1001.58 482.876
805.759 379.678
827.798 395.081
849.858 410.461
872.179 426.007
894.443 441.538
917.065 457.347
939.501 473.091
962.097 489.146
984.727 505.107
