1023.2 414.721
992.705 416.687
962.731 418.666
933.047 420.62
903.745 422.586
874.394 424.456
845.741 426.374
817.073 428.352
788.824 430.116
1021.54 385.104
991.139 387.33
961.13 389.386
931.398 391.59
902.003 393.561
872.578 395.672
843.958 397.753
815.397 399.801
787.064 401.776
1019.91 355.702
989.454 358.016
959.431 360.32
929.654 362.548
900.258 364.949
870.858 367.121
842.206 369.329
813.585 371.444
785.304 373.693
1018.21 326.116
987.811 328.714
957.715 331.113
928.002 333.551
898.366 335.901
869.135 338.312
840.323 340.723
811.874 343.167
783.492 345.452
1016.34 296.647
986.025 299.235
955.893 301.861
926.147 304.434
896.453 307.131
867.386 309.56
838.363 312.14
810.034 314.746
781.715 317.296
1014.62 266.933
984.227 269.865
954.121 272.529
924.302 275.396
894.58 278.099
865.562 280.871
836.547 283.583
808.148 286.272
779.902 289.012
