779.67 347.373
805.596 333.708
831.905 319.687
858.439 305.741
885.414 291.481
912.467 277.042
939.968 262.516
967.664 248.022
995.759 232.949
793.335 373.367
819.237 359.718
845.554 346.029
872.016 332.077
899.137 318.122
926.253 303.901
953.693 289.507
981.378 275.057
1009.56 260.348
806.609 398.831
832.579 385.526
858.924 371.864
885.506 358.258
912.522 344.348
939.67 330.404
967.361 316.164
995.091 301.873
1023.23 287.374
819.834 424.602
846.013 411.342
872.386 398.124
899.149 384.442
925.878 370.783
953.245 356.896
980.792 343.008
1008.7 328.802
1036.69 314.497
833.233 450.138
859.288 437.192
885.634 423.893
912.374 410.602
939.36 397.091
966.592 383.448
994.135 369.655
1021.93 355.689
1050.16 341.53
846.315 475.799
872.457 462.742
898.851 449.843
925.684 436.646
952.496 423.338
980.017 409.781
1007.36 396.258
1035.44 382.366
1063.49 368.447
