831.239 335.681
854.457 322.915
878.163 310.111
901.853 297.097
926.106 283.987
950.397 270.664
975.041 257.431
999.642 243.709
1024.84 230.183
843.59 358.894
867.082 346.286
890.628 333.458
914.498 320.625
938.694 307.637
963.075 294.612
987.571 281.152
1012.42 267.985
1037.52 254.283
855.894 381.736
879.329 369.244
903.11 356.632
926.954 343.911
951.165 331.084
975.5 318.026
1000.24 304.946
1025.09 291.658
1050.23 278.305
868.129 404.757
891.71 392.377
915.371 379.899
939.39 367.305
963.477 354.537
988.027 341.733
1012.63 328.687
1037.66 315.58
1062.72 302.326
880.439 427.676
903.908 415.476
927.708 403.171
951.584 390.622
975.937 378.109
1000.38 365.305
1025.14 352.609
1050.02 339.465
1075.28 326.448
892.543 450.743
916.228 438.563
939.865 426.408
964.096 414.02
988.143 401.544
1012.89 388.868
1037.4 376.187
1062.57 363.338
1087.75 350.327
