1076.04 387.54
1048.38 401.507
1021.21 415.357
993.83 429.227
966.852 442.872
939.537 456.586
912.752 470.219
885.861 483.962
859.148 497.286
1064.15 360.578
1036.71 374.662
1009.08 388.7
981.826 402.543
954.397 416.512
927.307 430.237
900.102 444.201
873.273 457.712
846.215 471.441
1052.53 333.55
1024.57 347.77
997.102 361.825
969.459 375.932
942.112 389.87
914.681 403.963
887.627 417.785
860.453 431.706
833.414 445.408
1040.52 306.079
1012.57 320.37
984.717 334.757
957.261 348.809
929.433 363.041
902.035 377.053
874.652 391.237
847.503 405.132
820.191 419.111
1028.17 278.415
1000.17 292.73
972.181 307.219
944.433 321.456
916.654 335.816
889.18 349.982
861.549 364.141
834.147 378.237
806.883 392.263
1015.83 250.101
987.591 264.666
959.516 279.232
931.727 293.68
903.656 308.161
876.134 322.492
848.204 336.841
820.961 351.047
793.342 365.281
