1090.97 400.456
1062.1 412.539
1033.87 424.384
1005.78 436.231
978.194 447.793
950.54 459.404
923.539 470.717
896.673 482.241
870.084 493.192
1079.48 373.188
1050.98 385.469
1022.46 397.57
994.576 409.474
966.69 421.365
939.348 432.945
912.078 444.689
885.346 456.003
858.563 467.437
1068.38 346.04
1039.49 358.443
1011.24 370.603
983.114 382.813
955.391 394.791
927.774 406.75
900.737 418.464
873.776 430.147
847.224 441.602
1056.97 318.552
1028.19 331.143
999.672 343.654
971.733 355.9
943.786 368.146
916.364 380.093
889.145 392.165
862.264 403.861
835.515 415.623
1045.31 291.071
1016.58 303.731
988.107 316.472
960.073 328.796
932.215 341.245
904.732 353.436
877.441 365.522
850.52 377.525
823.84 389.344
1033.7 263.089
1004.94 276.087
976.418 288.886
948.432 301.558
920.457 314.175
893.063 326.546
865.605 338.874
838.83 350.959
811.991 362.993
