548.302 389.453
528.645 402.789
509.3 416.061
490.085 429.175
471.067 442.202
452.089 455.184
433.661 467.895
415.342 480.524
397.162 492.9
534.153 369.3
514.504 382.841
495.139 396.242
475.893 409.527
456.86 422.645
438.054 435.702
419.514 448.683
401.129 461.433
382.981 474.082
519.945 349.199
500.292 362.828
480.87 376.332
461.579 389.851
442.636 403.053
423.862 416.35
405.264 429.376
386.762 442.285
368.724 454.982
505.527 328.832
486 342.634
466.553 356.387
447.32 369.927
428.369 383.38
409.515 396.593
390.837 409.882
372.549 422.932
354.466 435.901
491.21 308.373
471.588 322.341
452.166 336.18
432.936 349.805
413.953 363.41
395.194 376.86
376.565 390.228
358.325 403.436
340.166 416.4
476.619 287.705
457.038 301.787
437.565 315.754
418.38 329.657
399.438 343.393
380.535 357.049
362.172 370.452
343.673 383.823
325.633 396.992
