873.853 450.703
872.222 425.308
870.168 399.424
868.353 373.723
866.445 347.732
864.275 321.741
862.298 295.507
860.563 269.326
858.285 242.853
899.841 449.162
898.04 423.521
896.298 397.564
894.355 371.586
892.547 345.363
890.669 319.089
888.65 292.62
886.755 266.126
884.745 239.445
925.767 447.689
924.165 421.821
922.184 395.693
920.503 369.439
918.89 343.041
917.159 316.465
915.198 289.612
913.253 262.954
911.442 236.001
952.291 446.354
950.75 420.119
949.458 393.769
947.728 367.168
945.967 340.572
944.139 313.634
942.345 286.793
940.545 259.663
938.594 232.572
979.472 444.662
978.007 418.378
976.387 391.671
974.884 364.981
973.316 337.959
971.704 310.956
970.016 283.739
968.252 256.528
966.441 228.997
1007.09 443.213
1005.54 416.546
1004.2 389.635
1002.83 362.671
1001.13 335.636
999.81 308.157
998.206 280.879
996.424 253.109
994.633 225.433
