901.179 474.124
887.569 452.929
873.51 431.617
859.819 410.476
845.88 389.33
831.991 368.232
818.059 347.047
804.349 325.999
790.247 304.966
923.169 460.613
909.255 439.3
895.377 417.932
881.348 396.54
867.451 375.24
853.331 353.821
839.401 332.672
825.301 311.372
811.324 290.326
945.171 447.151
931.27 425.598
917.032 404.259
903.089 382.569
888.943 361.136
874.986 339.533
860.648 318.078
846.482 296.789
832.404 275.422
967.663 433.375
953.571 411.699
939.652 389.876
925.271 368.203
911.179 346.602
896.799 324.908
882.516 303.322
868.336 281.683
854.009 260.282
990.439 419.334
976.319 397.513
961.98 375.58
947.773 353.665
933.408 331.918
919.121 310.074
904.687 288.282
890.361 266.675
875.897 244.886
1013.82 405.112
999.275 383.16
985.014 360.989
970.716 338.9
956.318 317.109
941.814 294.924
927.482 273.077
912.76 251.103
898.21 229.452
