922.951 236.972
936.285 263.984
949.206 290.991
962.202 317.648
975.046 344.408
987.619 371.32
1000.22 397.865
1013.24 423.882
1025.25 450.214
895.329 251.383
908.536 278.221
921.702 305.077
934.587 331.607
947.505 358.438
960.171 384.725
973.065 411.267
985.387 437.198
997.905 463.392
868.271 265.438
881.439 292.187
894.373 318.865
907.515 345.316
920.482 371.843
933.406 398.156
945.895 424.386
958.472 450.347
970.859 476.343
841.288 279.461
854.471 306.027
867.829 332.435
880.721 358.907
893.524 385.19
906.329 411.519
919.13 437.425
931.635 463.316
944.063 489.041
814.611 293.434
827.727 319.652
840.926 346.181
853.825 372.201
866.786 398.52
879.609 424.478
892.201 450.485
904.877 476.145
917.243 501.82
787.985 307.102
801.058 333.601
814.252 359.691
827.339 385.685
840.115 411.501
853.281 437.546
865.922 463.32
878.437 489.002
890.756 514.428
