495.296 373.506
474.285 385.372
453.284 397.17
432.416 408.936
411.534 420.737
390.642 432.563
370.173 444.27
349.64 456.002
329.18 467.596
483.344 352.174
462.204 364.162
441.344 375.924
420.297 387.851
399.539 399.607
378.576 411.529
358.119 423.248
337.439 435.003
317.067 446.618
471.277 330.827
450.221 342.801
429.202 354.607
408.231 366.576
387.431 378.456
366.565 390.362
345.879 402.189
325.275 413.98
304.827 425.707
459.212 309.478
438.146 321.503
417.155 333.382
396.162 345.358
375.341 357.286
354.459 369.149
333.705 380.987
313.152 392.831
292.621 404.661
447.156 288.087
426.077 300.074
405.014 312.057
384.101 324.009
363.221 335.973
342.388 347.923
321.624 359.801
301.079 371.683
280.503 383.56
435.036 266.524
413.978 278.551
392.841 290.557
371.945 302.596
351.03 314.586
330.185 326.625
309.515 338.529
288.763 350.462
268.284 362.384
