593.458 305.318
593.124 319.232
592.588 333.178
592.245 347.153
591.684 361.212
591.219 375.357
590.733 389.592
590.476 403.954
589.853 418.318
579.003 304.976
578.518 318.956
578.057 332.663
577.51 346.857
577.028 360.815
576.518 375.155
576.122 389.206
575.519 403.606
575.094 417.854
564.473 304.533
563.988 318.476
563.35 332.342
562.95 346.36
562.298 360.521
561.867 374.673
561.305 388.897
560.735 403.206
560.236 417.533
549.78 304.14
549.297 318.113
548.827 331.927
548.292 345.939
547.656 360.176
547.072 374.38
546.483 388.485
546.102 402.894
545.413 417.18
535.321 303.738
534.82 317.645
534.206 331.526
533.513 345.603
532.947 359.691
532.464 373.951
531.714 388.276
531.219 402.514
530.597 416.921
520.834 303.415
520.241 317.386
519.443 331.271
519.008 345.28
518.301 359.344
517.593 373.493
516.986 387.811
516.46 402.154
515.762 416.574
