662.878 391.422
648.126 391.034
633.289 390.621
618.556 390.241
603.697 389.759
588.931 389.391
574.266 389.087
559.436 388.722
544.887 388.315
663.284 377.019
648.42 376.587
633.78 376.244
618.843 375.761
604.333 375.346
589.343 375.037
574.792 374.663
560.023 374.331
545.436 373.947
663.583 362.586
648.797 362.2
634.222 361.656
619.38 361.328
604.721 361.076
589.972 360.656
575.262 360.305
560.641 359.854
546.052 359.443
664 348.197
649.179 347.788
634.617 347.367
619.856 347.103
605.223 346.727
590.526 346.375
575.853 345.925
561.119 345.526
546.652 345.343
664.401 333.982
649.582 333.548
634.951 333.227
620.377 332.889
605.667 332.527
591.002 332.141
576.457 331.691
561.789 331.393
547.222 331.15
664.642 319.621
650.139 319.378
635.393 319.115
620.801 318.682
606.258 318.349
591.45 317.832
576.94 317.455
562.402 317.3
547.794 317.053
