682.162 339.477
670.802 348.416
659.028 357.859
647.586 366.911
635.61 376.563
624.006 385.468
612.223 395.083
600.554 404.237
589.084 413.512
673.432 328.233
661.391 337.43
650.118 346.496
638.12 355.816
626.566 365.078
614.663 374.425
603.128 383.72
591.383 392.919
579.717 402.151
663.567 316.705
652.065 326.147
640.557 335.19
628.784 344.528
617.149 353.649
605.512 363.083
593.85 372.252
582.079 381.54
570.587 390.746
654.489 305.587
642.773 314.791
631.389 324.083
619.595 333.202
607.993 342.516
596.158 351.664
584.634 360.889
572.912 370.319
561.381 379.51
644.864 294.462
633.62 303.912
622.107 312.694
610.351 321.988
598.662 331.202
587.183 340.461
575.372 349.659
563.885 358.991
552.454 368.14
635.969 283.774
624.558 292.431
612.724 301.947
601.321 310.679
589.584 320.378
578.144 329.167
566.318 338.786
554.83 347.619
543.142 357.134
