623.127 418.492
612.64 408.298
601.875 397.755
592.06 387.89
581.165 377.131
571.049 367.282
560.435 356.955
550.142 347.123
539.537 337.084
633.751 408.007
623.125 397.506
612.579 387.473
601.794 377.262
591.592 367.071
580.88 356.671
570.931 346.789
560.329 336.341
550.656 326.359
644 397.69
633.415 387.07
623.022 376.921
612.539 366.511
602.036 356.318
591.684 346.131
581.236 336.406
570.478 326.287
560.287 316.454
654.519 386.796
643.704 376.499
633.5 366.452
622.706 356.337
612.161 346.146
601.954 335.961
591.973 325.926
581.245 315.427
570.784 305.868
664.864 376.46
654.14 366.074
643.938 356.006
633.463 345.615
622.697 335.76
612.073 325.697
601.798 315.861
591.597 305.525
581.22 295.408
675.163 365.805
664.613 355.899
653.744 345.505
643.677 335.63
632.916 324.896
622.986 315.075
612.248 304.934
601.833 295.217
591.322 284.967
