1081.79 200.171
1082.57 219.596
1083.29 239.419
1084.22 259.247
1084.66 279.149
1085.78 299.164
1086.5 319.281
1087.41 339.469
1088.2 359.663
1059.74 202.797
1060.45 222.353
1061.05 241.681
1062.07 261.474
1062.58 281.263
1063.44 301.24
1064.29 321.212
1064.82 341.293
1065.81 361.333
1037.89 205.244
1038.58 224.761
1039.09 244.062
1040.11 263.498
1040.5 283.29
1041.64 303.207
1042.33 322.925
1042.64 342.898
1043.64 363.005
1016.38 207.636
1016.82 227.095
1017.93 246.265
1018.48 265.611
1019.1 285.373
1019.88 304.984
1020.4 324.623
1021.05 344.363
1021.79 364.399
995.037 210.44
995.963 229.447
996.483 248.574
996.975 267.798
997.833 287.265
998.417 306.891
998.794 326.362
999.629 345.988
1000.27 365.814
974.319 212.865
974.609 231.84
975.443 250.775
976.199 269.743
976.617 289.253
977.209 308.504
977.973 327.866
978.501 347.524
978.73 367.379
