1202.56 309.087
1178.1 311.168
1153.96 313.289
1130.37 315.194
1106.93 317.326
1084.35 319.149
1062.09 321.097
1040 322.833
1018.27 324.545
1201.89 287.621
1176.98 290.071
1153 292.349
1129.44 294.586
1106.43 296.663
1083.54 298.725
1061.21 300.743
1039.09 302.694
1017.74 304.58
1200.95 266.423
1176.41 269.116
1152.42 271.437
1128.62 273.792
1105.69 276.103
1082.65 278.325
1060.57 280.396
1038.56 282.521
1016.82 284.673
1200.38 245.202
1175.66 248.089
1151.66 250.65
1128.18 253.25
1104.69 255.727
1082.31 257.913
1060.01 260.283
1038.12 262.581
1016.46 264.748
1199.56 224.208
1174.8 227.222
1150.7 229.986
1127.31 232.737
1104.36 235.375
1081.6 237.81
1059.23 240.295
1037.43 242.756
1015.95 245.206
1198.81 203.142
1174.3 206.398
1150.32 209.283
1126.61 212.195
1103.68 214.991
1080.79 217.663
1058.57 220.401
1036.65 223.038
1015.16 225.47
