1235.03 225.648
1215.31 242.542
1196.02 258.978
1177.26 275.21
1158.83 291.141
1140.69 306.811
1122.75 322.389
1105.44 337.622
1088.18 352.592
1217.57 211.162
1198.08 228.102
1179.31 244.407
1160.66 260.657
1142.58 276.446
1124.51 292.279
1107.21 307.596
1089.68 322.935
1072.78 337.918
1200.33 196.787
1181.29 213.668
1162.6 229.942
1144.36 246.089
1126.45 262.012
1108.89 277.605
1091.52 293.035
1074.39 308.205
1057.58 323.317
1183.44 182.647
1164.69 199.512
1146.35 215.812
1128.39 231.851
1110.66 247.744
1093.35 263.282
1076.33 278.414
1059.54 293.796
1042.98 308.824
1166.77 168.904
1148.39 185.541
1130.27 201.811
1112.44 217.808
1095.17 233.529
1077.92 249.247
1061.12 264.621
1044.42 279.714
1028 294.523
1150.46 155.159
1132.17 171.685
1114.31 187.816
1096.92 203.888
1079.81 219.681
1062.95 235.16
1046.19 250.3
1029.72 265.604
1013.42 280.589
