1140.53 355.312
1122.86 341.96
1105.45 328.973
1088.34 316.155
1071.44 303.49
1054.76 290.995
1038.26 278.563
1021.85 266.341
1005.78 254.336
1156.15 338.318
1138.37 325.268
1120.81 312.329
1103.35 299.429
1086.45 286.875
1069.41 274.353
1052.72 262.094
1036.22 249.91
1019.95 238
1172.14 321.262
1154.01 308.142
1136.36 295.387
1118.77 282.578
1101.41 270.164
1084.4 257.566
1067.43 245.282
1050.72 233.275
1034.26 221.284
1188.37 303.839
1169.97 290.957
1152.05 278.075
1134.33 265.498
1116.83 253.015
1099.42 240.638
1082.19 228.411
1065.45 216.329
1048.77 204.581
1204.91 286.426
1186.35 273.525
1167.92 260.72
1149.95 248.235
1132.26 235.823
1114.63 223.51
1097.37 211.4
1080.39 199.499
1063.47 187.656
1221.72 268.573
1202.77 255.772
1184.32 243.184
1165.97 230.532
1147.91 218.307
1130.2 206.089
1112.74 193.926
1095.43 182.12
1078.21 170.497
