385.939 298.574
450.125 300.131
513.927 302.11
577.692 303.967
641.067 306.29
704.24 308.507
766.166 311.264
827.61 313.644
888.109 316.36
384.551 362.465
448.584 364.065
512.596 365.842
576.216 367.684
639.849 369.686
702.677 371.847
765.111 373.921
826.264 376.215
887.209 378.469
383.132 426.573
447.322 428.058
511.156 429.757
574.994 431.347
638.3 433.248
701.4 434.98
763.653 436.943
825.195 438.705
885.499 440.729
382.091 490.58
445.97 492.134
509.944 493.566
573.581 495.189
636.92 496.638
699.807 498.407
762.096 499.85
823.468 501.505
883.858 502.868
381.223 554.571
444.966 555.969
508.702 557.377
572.239 558.766
635.338 560.167
698.179 561.406
760.233 562.714
821.565 563.795
881.827 564.986
380.334 618.219
443.919 619.607
507.536 620.887
570.825 622.25
633.881 623.236
696.58 624.421
758.347 625.148
819.608 626.163
879.826 626.819
