584.056 832.668
532.247 785.777
479.882 738.398
427.749 690.15
374.98 641.838
322.317 593.299
270.089 544.212
218.566 495.573
166.273 446.955
632.416 782.645
580.336 735.325
528.142 687.225
475.27 638.907
422.638 589.93
369.736 540.809
317.331 491.737
264.868 442.759
213.059 393.889
681.132 732.201
629.193 684.216
576.545 635.758
523.865 586.953
470.771 537.486
417.971 487.997
364.753 438.631
312.232 389.559
259.897 340.454
730.637 680.939
678.415 632.325
626.021 583.372
573.103 534.092
519.949 484.467
466.439 434.691
413.426 385.156
360.396 335.633
308.012 286.529
780.127 628.572
728.284 579.783
675.601 530.511
622.83 480.772
569.463 430.85
516.067 381.013
462.681 331.135
409.592 281.769
356.491 232.338
830.088 576.169
778.045 526.861
725.863 477.205
672.746 427.219
619.498 377.103
565.725 326.816
512.32 277.164
458.804 227.336
405.867 178.013
