561.017 774.335
517.973 741.272
473.245 706.785
426.832 670.52
378.131 632.867
327.406 593.379
275.793 552.056
221.69 509.476
165.626 464.905
603.825 739.343
561.133 705.365
516.436 669.16
470.112 631.889
421.327 592.167
371.299 551.357
318.53 508.298
264.663 464.162
207.943 417.594
648.173 703.964
605.524 668.258
561.413 630.839
514.677 591.939
466.613 550.619
415.906 508.216
363.355 463.731
308.771 417.296
252.759 369.127
693.864 667.007
651.814 629.54
607.575 590.898
561.348 550.364
512.984 507.492
462.75 463.172
410.09 416.728
355.572 368.968
299.168 318.488
740.973 628.046
699.317 589.533
655.482 549.16
609.772 506.814
561.71 462.514
511.442 416.294
459.254 368.149
404.655 317.943
348.117 265.847
789.555 588.277
748.511 548.118
705.348 506.248
659.691 462.484
612.155 416.175
561.951 368.285
509.919 317.909
455.477 265.971
398.77 211.24
