520.18 898.852
473.689 844.893
428.39 791.888
384.788 740.031
341.97 689.43
300.841 640.353
260.945 592.119
223.124 546.209
185.464 501.113
573.025 849.252
526.074 796.129
480.831 744.448
436.327 693.77
393.676 644.308
351.99 596.05
312.299 549.369
273.103 503.878
236.131 460.077
624.621 800.016
577.829 748.45
532.041 697.62
487.795 648.103
444.352 599.589
402.497 552.577
361.776 506.706
322.92 462.518
284.868 419.688
675.474 751.898
628.323 701.212
582.513 651.677
537.912 603.1
494.385 556.05
452.04 509.787
411.577 465.196
371.731 421.863
333.828 380.246
724.794 704.409
678.04 655.062
631.845 606.618
587.324 559.269
543.494 513.109
501.185 468.305
459.881 424.654
420.265 382.632
381.566 341.591
773.396 658.098
726.151 609.736
680.466 562.238
635.437 515.995
591.982 471.187
548.725 427.263
507.536 385.02
467.401 343.397
428.502 303.788
