852.437 782.035
806.761 785.88
760.451 789.832
713.464 793.594
665.646 797.455
617.191 801.274
568.069 804.738
518.573 808.224
468.583 811.78
850.183 734.333
804.657 738.032
758.151 741.437
711.296 745.044
663.247 748.442
614.828 751.893
565.61 755.278
516.243 758.591
465.996 761.741
848.229 686.978
802.445 690.161
756.143 693.378
709.114 696.583
661.111 699.658
612.442 702.728
563.45 705.891
513.832 708.95
463.657 711.829
846.124 639.359
800.253 642.153
753.829 644.974
706.861 647.823
658.768 650.61
610.228 653.463
561.224 656.201
511.484 659.031
461.358 661.635
843.411 591.656
798.001 594.034
751.496 596.591
704.482 598.978
656.547 601.438
608.006 603.923
558.925 606.414
509.166 608.899
459.125 611.385
841.287 543.897
795.543 546.067
749.351 548.047
702.157 550.228
654.232 552.354
605.704 554.58
556.552 556.673
507.001 558.902
456.926 561.074
