826.442 697.345
780.673 720.953
734.334 744.802
687.358 768.78
639.876 792.968
591.886 817.186
543.62 841.306
495.139 865.536
446.334 889.868
803.813 650.336
758.028 673.875
711.25 697.397
664.3 721.284
616.471 745.15
568.418 769.186
519.979 793.294
471.438 817.387
422.329 841.515
781.354 603.418
735.115 626.567
688.399 649.979
641.113 673.548
593.255 697.312
544.877 721.06
496.365 745.097
447.55 769.056
398.564 793.033
758.676 556.213
712.243 579.215
665.313 602.221
617.907 625.632
569.845 649.069
521.409 672.793
472.716 696.538
423.851 720.435
374.672 744.275
735.546 508.974
689.267 531.485
642.187 554.412
594.586 577.418
546.485 600.727
498.055 624.243
449.235 647.756
400.247 671.49
351.125 695.245
712.765 461.602
666.202 484.039
618.99 506.457
571.338 529.391
523.13 552.374
474.524 575.765
425.748 599.017
376.664 622.636
327.42 646.221
