817.241 583.434
785.27 626.168
752.916 669.254
720.135 712.802
686.896 756.652
653.187 800.79
619.421 844.837
585.47 889.282
551.324 933.791
774.948 550.357
742.853 592.993
710.048 635.943
677.029 679.4
643.405 723.133
609.686 767.14
575.646 811.353
541.559 855.535
507.024 900.177
732.674 517.146
700.053 559.624
667.152 602.424
633.712 645.815
600.128 689.408
566.022 733.376
531.829 777.52
497.431 821.815
463.053 866.098
690.112 483.803
657.306 526.171
624.041 568.856
590.536 612.036
556.542 655.545
522.346 699.352
487.891 743.418
453.472 787.62
418.771 831.885
647.345 450.699
614.338 492.615
580.926 535.263
547.099 578.017
513.024 621.521
478.669 665.145
444.215 709.016
409.598 753.125
374.855 797.316
604.723 417.322
571.533 459.123
537.663 501.482
503.848 544.222
469.466 587.475
435.04 631.001
400.392 674.709
365.618 718.632
330.669 762.851
