232.242 281.42
307.457 290.608
376.019 298.905
438.953 306.514
496.893 313.881
550.586 320.703
599.343 327.186
644.704 332.988
686.702 338.648
232.463 363.211
306.91 368.331
375.947 373.455
438.121 377.927
496.713 382.313
549.53 386.319
599.182 390.102
644.124 393.637
686.523 397.042
232.529 444.264
307.199 445.857
375.644 447.322
438.694 448.849
496.166 450.239
549.532 451.633
599.088 452.888
644.456 453.994
686.032 455.135
233.308 525.368
307.478 523.219
375.92 521.64
438.69 519.816
495.847 518.265
549.342 516.944
598.727 515.61
643.975 514.486
685.663 513.233
233.887 605.909
308.099 600.399
376.176 595.138
438.375 590.501
495.721 586.018
548.917 581.856
597.784 578.146
643.05 574.463
684.836 571.203
235.123 685.775
308.974 676.36
376.865 668.192
438.941 660.531
495.915 653.162
549.172 646.597
597.353 640.149
642.77 634.436
684.419 628.784
