485.974 371.517
519.268 363.157
555.144 354.356
593.886 344.66
635.778 334.507
681.48 323.178
731.585 311.61
785.882 298.463
845.318 284.473
484.161 423.776
517.558 417.568
553.618 410.707
592.622 403.511
635.093 395.542
681.028 387.225
731.401 377.724
785.878 367.974
846.04 356.888
482.029 476.855
516.01 472.553
552.055 468.004
590.855 462.796
633.964 457.726
680.231 451.686
730.178 445.514
785.291 438.269
846.224 431.093
480.085 530.416
514.106 528.356
550.499 525.859
589.312 523.346
632.784 520.465
679.199 517.544
729.467 513.878
784.941 510.405
846.216 506.191
478.919 584.709
512.592 584.493
549.031 584.536
588.438 584.291
631.377 584.216
678.159 583.75
729.184 583.704
785.131 583.05
846.277 582.737
477.066 639.174
511.112 641.272
547.151 643.362
586.554 645.874
630.058 648.095
676.538 651.01
728.365 653.633
783.857 656.761
845.65 659.807
