727.304 271.802
728.907 332.763
730.497 394.018
732.117 455.879
733.474 517.952
734.721 580.521
735.88 642.41
737.08 704.415
738.039 765.931
665.642 272.764
667.285 333.71
668.566 395.31
670.027 457.096
671.285 519.59
672.528 581.735
673.801 644.242
675.012 706.042
676.034 768.198
604.03 273.576
605.171 334.836
606.401 396.226
607.555 458.418
608.952 520.608
610.105 583.322
611.372 645.612
612.57 708.024
613.784 769.651
542.008 274.814
543.144 335.885
544.078 397.65
545.303 459.602
546.304 522.075
547.493 584.523
548.607 647.227
549.989 709.349
551.313 771.388
480.112 276.314
480.749 337.408
481.698 398.929
482.543 460.991
483.657 523.241
484.78 585.841
486.07 648.255
487.465 710.578
488.908 772.477
418.196 277.778
418.936 338.657
419.353 400.452
420.281 462.3
421.179 524.693
422.258 587.154
423.443 649.577
424.79 711.684
426.27 773.862
