721.687 248.888
719.466 329.669
717.711 405.013
715.934 474.938
713.563 539.966
711.994 601.044
710.092 657.291
708.329 709.857
706.652 758.691
635.359 250.353
636.504 330.434
637.537 406.015
638.723 475.415
639.405 540.942
640.103 601.088
640.922 657.743
641.413 709.781
641.97 759.333
549.863 251.885
554.116 331.901
558.529 407.012
562.103 476.613
565.738 541.364
568.734 601.863
571.923 658.367
575.069 710.633
577.661 759.301
464.928 253.635
472.283 333.385
478.767 408.27
485.267 477.331
491.891 541.868
497.883 602.289
503.308 658.4
508.218 710.608
513.651 759.182
380.67 255.762
391.048 335.108
400.91 409.174
410.214 478.017
419.046 542.143
427.397 602.182
435.369 657.965
442.991 710.008
449.848 758.559
297.701 258.034
311.712 337.136
323.885 410.851
335.004 478.807
347.279 542.497
357.129 602.407
367.748 657.894
377.163 709.863
386.577 758.295
