667.919 414.679
670.219 457.408
672.766 502.324
675.324 550.411
678.161 600.963
680.851 655.076
683.913 712.605
687.057 773.726
690.342 838.171
614.503 416.399
615.487 458.945
616.178 504.209
617.259 551.963
618.009 603.144
619.099 656.93
620.016 714.579
621.237 775.263
622.31 840.497
561.29 417.668
560.549 460.643
559.764 505.602
558.861 553.42
558.114 604.514
557.279 658.904
556.301 715.64
555.104 776.76
554.545 841.431
508.065 419.209
505.943 462.119
503.437 507.454
500.912 554.608
498.345 606.352
495.559 659.934
492.362 717.142
489.773 777.605
486.504 843.259
455.277 421.367
451.315 463.794
447.438 508.871
443.048 556.679
438.829 607.399
434.146 661.547
429.515 718.449
424.473 779.539
419.482 843.807
402.457 422.837
397.441 465.487
391.283 510.26
385.741 557.772
379.439 608.82
373.457 662.136
366.671 720.083
359.939 779.858
351.638 845.002
