938.788 458.617
882.321 506.114
826.174 553.317
770.28 599.956
714.779 646.194
659.669 691.608
605.869 735.874
552.866 779.26
500.901 821.698
890.93 402.602
834.748 450.488
778.633 497.845
723.133 544.854
667.711 591.31
613.323 637.055
559.534 682.025
507.069 725.899
455.267 768.967
843.089 346.751
786.881 394.702
731.249 442.326
675.609 489.591
620.924 536.455
566.539 582.566
513.284 628.055
460.882 672.58
410.054 715.924
794.89 290.905
739.122 339.281
683.529 386.962
628.458 434.529
573.96 481.465
520.216 528.087
467.083 573.802
415.392 618.857
364.761 662.77
746.626 235.977
691.081 283.953
636.054 331.99
581.215 379.472
527.308 426.842
473.88 473.635
421.635 519.739
370.38 565.094
320.287 609.493
698.611 180.951
643.561 229.535
588.489 277.219
534.382 325.182
480.703 372.551
427.896 419.737
376.222 466.044
325.447 511.653
275.679 556.427
