942.161 470.404
875.453 518.968
811.392 565.663
749.866 610.339
690.815 652.84
634.221 693.704
580.217 731.586
528.749 768.035
480.015 802.599
892.997 411.017
826.157 461.721
761.31 510.886
699.849 557.531
640.2 602.323
583.975 644.522
529.957 685.224
479.145 723.188
430.161 759.753
841.832 349.072
774.201 402.308
709.362 453.705
647.465 503.144
588.164 549.6
531.43 594.254
477.942 636.941
427.29 677.427
379.022 714.937
787.662 284.181
719.75 340.027
654.465 393.864
592.591 445.665
533.403 494.535
477.295 541.619
423.926 586.336
373.494 628.533
325.978 668.408
730.527 216.251
662.52 275.205
597.545 331.7
535.582 385.722
476.879 437.199
421.095 486.57
368.317 533.268
318.508 577.613
271.382 619.436
670.973 146.124
602.98 207.998
537.928 267.469
476.362 323.944
418.072 378.274
362.601 429.798
310.508 478.583
261.286 525.192
214.931 569.448
