896.103 550.313
844.25 594.497
790.66 640.077
734.792 686.857
677.327 735.352
617.553 784.537
556.624 835.498
493.968 886.945
429.777 940.19
845.615 499.72
794.2 542.35
740.546 586.055
685.356 631.436
627.831 677.692
569.147 725.474
508.43 774.128
446.718 823.932
383.012 874.663
797.322 450.918
745.717 491.812
692.738 534.107
637.475 577.188
580.904 622.394
522.258 668.133
462.596 715.009
401.152 762.696
339.021 812.027
750.367 403.737
699.308 443.62
646.264 484.21
592.126 525.57
535.488 568.805
478.031 613.185
418.371 657.841
358.341 704.268
296.454 751.483
705.162 359.653
654.333 397.088
602.087 436.296
547.834 476.014
492.396 517.788
435.22 560.234
377.196 603.832
317.435 648.465
256.952 693.927
661.654 316.227
611.353 353.035
559.173 389.65
506.355 428.814
450.727 468.415
394.387 509.484
337.048 551.426
278.32 594.386
218.205 638.384
