1103.43 352.38
1081.42 352.124
1059.57 351.972
1037.47 351.768
1015.31 351.577
992.923 351.389
970.34 351.179
947.6 351.027
924.926 350.711
1103.37 328.604
1081.57 328.469
1059.52 328.046
1037.45 327.842
1015.21 327.537
992.703 327.282
970.189 327.025
947.58 326.681
924.729 326.47
1103.75 305.021
1081.56 304.703
1059.62 304.343
1037.49 303.996
1015.16 303.716
992.667 303.291
970.327 302.878
947.589 302.483
924.621 302.124
1103.83 281.183
1081.71 281.008
1059.6 280.516
1037.61 280.127
1015.06 279.74
992.679 279.231
970.207 278.737
947.482 278.336
924.436 277.906
1103.73 257.638
1081.73 257.302
1059.56 256.763
1037.4 256.228
1015.04 255.785
992.535 255.21
969.862 254.701
947.257 254.196
924.243 253.563
1104.02 233.669
1081.77 233.251
1059.77 232.631
1037.53 232.183
1015.1 231.638
992.599 231.063
969.841 230.502
947.141 229.845
924.176 229.279
