318.564 247.199
291.978 255.814
265.623 264.304
239.124 272.931
212.733 281.56
185.812 290.106
159.622 298.589
133.095 307.51
106.452 315.709
309.04 220.208
282.636 228.827
256.046 237.44
229.579 245.736
202.793 254.506
176.151 263.021
149.457 271.828
122.769 280.097
95.924 288.86
299.788 193.219
272.926 201.876
246.34 210.243
219.534 218.95
192.919 227.578
165.964 236.18
139.198 244.539
112.162 253.143
85.2503 261.62
290.117 166.028
263.484 174.612
236.725 183.266
209.836 191.687
182.858 200.333
155.813 208.707
128.688 217.261
101.533 225.664
74.3684 234.236
280.607 138.883
253.925 147.328
226.724 155.802
199.919 164.18
172.625 172.748
145.808 181.246
118.194 189.545
91.0944 198.014
63.3017 206.2
270.91 110.919
243.843 119.292
216.74 127.755
189.655 136.25
162.377 144.703
134.987 153.094
107.372 161.561
79.8496 169.719
51.7318 178.126
