76.4564 521.688
78.7678 506.617
80.86 491.745
83.0501 477.084
85.0917 462.513
87.2894 448.057
89.3119 433.79
91.4371 419.696
93.5088 405.681
93.5035 522.151
95.4772 507.094
97.5889 492.356
99.5343 477.458
101.673 463.118
103.658 448.575
105.678 434.494
107.669 420.27
109.657 406.455
109.93 522.444
112.251 507.405
113.987 492.685
116.104 477.992
117.774 463.521
119.965 449.134
121.766 434.871
123.761 420.795
125.727 406.905
126.841 522.791
128.549 507.98
130.499 493.217
132.349 478.455
134.324 464.085
136.131 449.624
137.965 435.462
139.827 421.327
141.542 407.526
143.309 523.297
145.098 508.413
146.91 493.597
148.674 479.046
150.393 464.603
152.306 450.232
153.986 436.152
155.788 422.131
157.531 408.212
159.826 523.677
161.478 508.784
163.219 494.038
164.985 479.427
166.537 465.09
168.224 450.688
169.979 436.659
171.669 422.563
173.309 408.8
