1052.5 505.302
1071.36 505.309
1090.76 505.459
1110.38 505.492
1130.48 505.645
1150.87 505.732
1171.7 505.856
1192.69 505.856
1214.46 505.955
1052.65 523.34
1071.79 523.51
1090.82 523.69
1110.71 523.912
1130.59 524.323
1150.91 524.503
1171.66 524.653
1192.75 524.899
1214.38 525.028
1052.91 541.066
1071.76 541.316
1091.1 541.799
1110.57 542.197
1130.72 542.598
1150.84 542.765
1171.73 543.243
1192.67 543.644
1214.35 544.158
1052.87 558.82
1072.15 559.25
1091.1 559.729
1110.81 560.382
1130.67 560.713
1150.91 561.277
1171.49 561.832
1192.68 562.374
1214.15 562.915
1053.27 576.52
1072.29 577.055
1091.27 577.628
1110.73 578.384
1130.74 579.038
1150.83 579.602
1171.54 580.457
1192.55 580.961
1214.03 581.707
1053.34 594.152
1072.5 594.822
1091.29 595.442
1110.97 596.44
1130.56 597.003
1151 597.847
1171.33 598.614
1192.58 599.513
1213.79 600.52
