69.8442 459.944
82.2017 448.664
94.3622 437.16
106.428 426.053
118.443 414.747
130.271 403.645
142.154 392.524
154.005 381.637
165.578 370.59
82.6239 471.37
94.6994 459.866
106.848 448.621
118.814 437.11
130.674 426.186
142.688 414.805
154.259 403.886
165.973 392.781
177.707 382
95.0533 482.344
107.201 471.069
119.074 459.645
131.122 448.396
142.774 437.076
154.625 426.012
166.365 414.806
178.017 403.794
189.397 392.922
107.623 493.65
119.5 482.062
131.391 470.833
143.34 459.377
154.991 448.38
166.78 436.993
178.177 426.059
189.857 414.897
201.394 404.044
120.039 504.591
131.867 493.308
143.726 481.788
155.458 470.51
167.085 459.292
178.739 448.155
190.311 437.061
201.784 426.062
213.101 414.891
132.361 515.675
144.064 504.223
155.906 492.815
167.513 481.586
179.176 470.324
190.623 459.108
202.114 448.033
213.444 436.938
224.823 425.977
