81.4687 389.95
97.2665 390.428
113.165 390.307
128.608 390.703
144.259 391.06
159.618 391.503
175.071 391.804
190.507 392.66
205.481 392.676
78.2858 403.669
94.522 403.543
110.194 403.959
126.292 404.244
141.668 404.722
157.609 404.467
172.653 405.199
188.426 405.336
203.723 405.551
77.0943 409.438
92.0662 415.346
110.156 404.237
126.234 404.401
140.693 410.313
157.553 404.759
172.664 405.32
187.405 411.166
202.788 411.443
74.2841 422.077
90.7323 422.099
106.597 422.403
122.641 422.424
137.224 428.128
153.606 427.937
169.766 423.278
186.351 417.624
201.916 417.232
71.7423 434.634
87.9836 434.822
102.858 442.606
120.246 435.514
136.276 435.493
152.205 435.635
167.925 436.139
183.518 436.38
199.297 436.405
68.93 447.398
85.4038 447.446
101.703 447.633
117.691 448.156
134 448.24
149.826 448.343
165.899 448.502
181.534 448.796
197.46 449.072
