1039.05 310.831
1039.39 291.627
1039.38 272.542
1039.6 253.428
1039.6 234.366
1039.76 215.249
1039.96 195.893
1040.07 176.99
1040.16 157.578
1059.23 309.595
1059.38 290.489
1059.63 271.316
1059.69 251.802
1059.97 232.77
1060.08 213.285
1060.21 194.03
1060.34 174.583
1060.45 155.373
1079.47 308.659
1079.9 289.303
1079.82 269.814
1080.18 250.337
1080.16 231.079
1080.59 211.396
1080.6 191.717
1080.61 172.375
1080.95 152.837
1100.34 307.403
1100.45 288.008
1100.8 268.53
1100.84 248.778
1101.29 229.234
1101.4 209.464
1101.57 189.668
1102.13 169.961
1102.13 150.25
1121.34 306.379
1121.69 286.754
1122.01 267.02
1122.28 247.13
1122.44 227.342
1122.67 207.43
1122.94 187.56
1123.31 167.734
1123.64 147.647
1142.83 305.257
1143.03 285.34
1143.51 265.241
1144.01 245.286
1144.36 225.465
1144.66 205.345
1145.01 185.409
1145.33 165.135
1145.61 145.002
