1014.74 205.329
1034.35 203.31
1054.29 201.221
1074.35 199.11
1094.82 196.916
1116.03 194.618
1137.32 192.303
1159.06 189.832
1181.49 187.36
1014.75 224.044
1034.49 222.169
1054.2 220.251
1074.48 218.267
1094.77 216.35
1116.03 214.258
1137.11 212.056
1158.95 209.847
1181.18 207.522
1014.83 242.614
1034.38 241.065
1054.29 239.123
1074.35 237.336
1094.8 235.496
1115.9 233.539
1137.11 231.592
1158.76 229.552
1181.01 227.553
1014.77 261.374
1034.46 259.658
1054.22 258.174
1074.37 256.561
1094.69 255.012
1115.81 253.188
1136.85 251.335
1158.7 249.495
1180.77 247.586
1014.91 279.972
1034.43 278.708
1054.26 277.202
1074.4 275.603
1094.7 274.264
1115.74 272.739
1136.8 271.194
1158.57 269.435
1180.64 267.71
1014.79 298.846
1034.51 297.388
1054.17 296.127
1074.4 294.994
1094.51 293.468
1115.67 292.171
1136.6 290.871
1158.52 289.274
1180.44 287.722
