1030.08 431.828
1041.47 421.012
1053.31 409.734
1064.88 398.706
1076.87 387.432
1088.65 376.132
1100.87 364.494
1112.99 353.087
1125.47 341.304
1041.21 442.729
1052.99 431.709
1064.63 420.739
1076.58 409.314
1088.52 398.328
1100.67 386.698
1112.8 375.422
1125.29 363.636
1137.62 352.019
1052.47 453.375
1064.37 442.643
1076.09 431.37
1088.25 420.313
1100.18 408.891
1112.61 397.591
1124.85 385.953
1137.35 374.395
1150.01 362.72
1063.9 464.605
1075.81 453.417
1087.83 442.513
1099.97 431.078
1112.16 420.033
1124.63 408.427
1136.99 397
1149.8 385.298
1162.41 373.577
1075.55 475.533
1087.48 464.638
1099.68 453.45
1111.99 442.318
1124.27 430.934
1136.88 419.555
1149.49 407.987
1162.24 396.418
1175.2 384.522
1087.17 486.848
1099.27 475.787
1111.65 464.591
1123.93 453.503
1136.47 442.145
1149.1 430.693
1161.87 419.206
1174.94 407.535
1187.89 395.665
