1031.89 437.452
1038.06 422.438
1060.48 422.931
1067.62 410.453
1085.57 406.409
1088.05 388.334
1110.76 389.434
1118.97 376.887
1135.43 372.677
1039.3 443.949
1046.91 431.04
1065.23 427.203
1070.24 413.974
1090.62 410.647
1096.62 397.692
1116.53 393.559
1121.11 380.858
1142.06 376.536
1044.06 448.634
1061.83 444.173
1069.18 431.843
1086.47 423.499
1095.09 414.391
1113.9 410.138
1120.59 397.771
1138.59 389.235
1147.46 381.216
1057.76 458.801
1069.44 449.765
1084.28 441.909
1096.52 433.092
1109.94 424.314
1121.64 415.346
1136.14 406.443
1148.71 397.94
1162.36 389.987
1069.58 470.242
1082.34 460.228
1095.63 452.677
1109.54 444.136
1122.59 435.537
1134.78 424.305
1149.37 418.349
1162.78 409.561
1175.7 400.556
1079.93 478.545
1092.39 470.03
1107.03 460.469
1119.4 452.46
1133.63 443.509
1146.55 434.707
1160.28 425.486
1173.32 417.109
1187.54 408.356
