1202.02 418.511
1201.85 434.762
1201.39 451.015
1201.14 467.286
1200.72 483.6
1200.55 500.032
1200.3 516.586
1200.16 532.739
1199.79 549.347
1183.39 419.336
1183.04 435.473
1182.76 451.458
1182.5 467.589
1182.29 483.799
1181.95 500.036
1181.81 516.507
1181.47 532.617
1181.22 548.989
1165.2 419.73
1165 435.81
1164.56 451.749
1164.43 467.798
1163.98 483.946
1164.04 500.098
1163.53 516.275
1163.17 532.372
1162.7 548.604
1147.43 420.493
1147.03 436.428
1146.78 452.268
1146.45 468.158
1146.43 484.155
1145.87 500.097
1145.57 516.129
1145.37 532.133
1144.93 548.331
1129.99 421.204
1129.84 436.809
1129.4 452.591
1129.02 468.372
1128.56 484.294
1128.46 500.073
1128 515.973
1127.83 531.913
1127.35 547.822
1112.61 421.66
1112.37 437.455
1112.17 452.876
1111.95 468.656
1111.52 484.314
1110.93 500.162
1110.67 515.75
1110.37 531.645
1110.11 547.523
