137.046 336.931
137.429 317.796
137.427 298.668
137.641 279.552
137.708 260.566
137.938 241.458
138.272 222.291
138.485 203.342
138.674 184
156.789 337.361
157.003 318.322
157.294 299.369
157.411 280.144
157.663 261.304
157.868 241.944
158.112 223.179
158.385 203.833
158.648 185.02
176.016 337.689
176.569 318.884
176.586 299.828
177.103 280.736
177.144 261.788
177.638 242.76
177.712 223.591
177.862 204.725
178.287 185.664
195.668 338.112
195.792 319.447
196.35 300.392
196.513 281.336
197.11 262.44
197.16 243.455
197.34 224.291
197.742 205.438
197.793 186.369
215.194 338.706
215.408 319.678
215.651 300.978
215.97 281.723
216.271 263.137
216.68 243.872
217.058 225.223
217.305 206.19
217.52 187.322
234.502 339.235
234.725 320.202
235.164 301.256
235.518 282.386
235.739 263.573
236.088 244.71
236.545 225.828
236.887 206.904
237.052 187.927
