20.6733 421.305
39.6331 421.53
58.6086 421.734
77.319 422.038
95.7599 422.187
114.228 422.479
132.512 422.662
150.646 422.858
168.676 423.113
19.6445 438.788
38.9815 438.999
57.6209 439.183
76.6426 439.319
95.1264 439.563
113.648 439.658
131.771 439.837
150.108 439.962
168.027 440.119
18.8176 456.057
37.8493 456.322
57.0339 456.396
75.5569 456.561
94.3799 456.634
112.86 456.805
131.294 456.875
149.357 457.026
167.543 457.212
17.7249 473.704
37.1727 473.732
56.0224 473.857
74.9649 473.886
93.5354 474.061
112.172 474.095
130.408 474.188
148.868 474.279
166.989 474.354
17.0854 491.299
36.2154 491.386
55.3327 491.391
74.1717 491.456
92.991 491.513
111.491 491.51
129.931 491.553
148.186 491.567
166.445 491.556
15.9148 509.09
35.465 508.938
54.3921 508.938
73.44 509.031
92.0194 509.018
110.82 508.911
129.173 508.974
147.651 508.917
165.685 508.913
