1197.57 280.463
1164.89 293.727
1133.36 306.578
1102.54 319.142
1072.42 331.401
1042.85 343.359
1013.99 355.049
985.709 366.581
957.876 377.816
1186.87 251.972
1154.33 265.665
1122.46 278.836
1091.69 291.769
1061.38 304.369
1031.88 316.582
1002.86 328.71
974.592 340.445
946.63 352.038
1176.39 223.365
1143.49 237.33
1111.69 250.931
1080.73 264.28
1050.37 277.127
1020.64 289.771
991.666 302.278
963.226 314.376
935.27 326.217
1165.63 194.132
1132.66 208.602
1100.66 222.622
1069.56 236.321
1039.1 249.517
1009.33 262.529
980.253 275.254
951.683 287.724
923.607 299.892
1154.46 164.637
1121.56 179.406
1089.35 194.014
1058.22 207.865
1027.63 221.621
997.844 234.85
968.601 248.017
940.076 260.678
911.874 273.182
1143.58 134.411
1110.24 149.874
1078.05 164.74
1046.77 179.203
1016.08 193.247
986.134 206.972
956.789 220.328
928.139 233.503
899.92 246.39
