213.178 486.469
201.105 500.593
189.061 514.436
177.202 528.349
165.374 542.146
153.545 556
141.915 569.452
130.625 582.91
118.966 596.106
196.692 473.812
184.561 488.133
172.611 502.129
160.726 516.061
148.913 530.015
137.161 543.763
125.522 557.564
113.969 571.122
102.539 584.526
180.122 461.09
168.106 475.562
156.052 489.577
144.081 503.844
132.192 517.703
120.574 531.746
108.804 545.5
97.1601 559.201
85.7055 572.726
163.172 448.366
151.247 462.665
139.303 477.043
127.212 491.339
115.579 505.497
103.584 519.377
91.8402 533.378
80.3906 547.105
68.8805 560.881
146.504 435.245
134.41 449.846
122.352 464.289
110.499 478.492
98.4694 492.862
86.7833 506.874
74.9424 521.006
63.4866 534.822
51.7778 548.573
129.183 422.109
117.106 436.765
104.97 451.354
93.1429 465.893
81.2605 480.104
69.2594 494.439
57.726 508.499
45.9066 522.541
34.3941 536.516
