745.212 151.435
786.748 147.059
828.953 142.728
871.857 138.411
915.404 134.05
959.829 129.467
1004.83 124.942
1050.76 120.06
1097.82 114.877
748.067 193.838
789.227 189.852
831.21 186.061
873.642 182.083
917.006 178.182
960.87 174.187
1005.68 169.994
1050.81 165.773
1097.61 161.249
750.603 235.505
791.638 231.976
833.269 228.545
875.517 225.028
918.427 221.567
962.052 217.953
1006.34 214.347
1051.35 210.513
1097.21 206.582
753.106 276.953
794.076 273.741
835.335 270.683
877.404 267.524
919.902 264.384
963.19 261.289
1007.02 257.993
1051.62 254.708
1096.95 251.196
755.914 317.708
796.085 315.1
837.516 312.189
878.962 309.556
921.388 306.737
964.075 303.881
1007.66 301.181
1051.81 298.216
1096.61 295.23
758.067 358.346
798.405 355.778
839.157 353.493
880.594 351.072
922.499 348.611
965.302 346.16
1008.19 343.618
1052.13 341.105
1096.46 338.455
