1041.56 309.873
1002.16 310.889
963.368 311.849
924.943 312.767
886.908 313.744
849.351 314.653
812.33 315.679
775.743 316.853
739.549 317.723
1041.74 271.473
1002.22 272.921
963.357 273.992
924.828 275.337
886.796 276.444
849.168 277.714
812.108 278.995
775.499 280.204
739.179 281.483
1041.88 233.257
1002.29 234.905
963.33 236.383
924.722 237.762
886.628 239.444
848.978 240.822
811.898 242.204
775.174 243.678
738.938 245.461
1042.2 194.718
1002.36 196.779
963.267 198.524
924.64 200.242
886.485 202.133
848.752 203.766
811.651 205.501
774.872 207.326
738.61 209.214
1042.16 156.28
1002.58 158.419
963.183 160.615
924.631 162.63
886.313 164.72
848.65 166.781
811.422 168.813
774.658 170.911
738.488 172.972
1042.68 117.303
1002.6 120.144
963.324 122.371
924.479 124.88
886.207 127.341
848.405 129.613
811.156 132.088
774.396 134.236
738.131 136.674
