677.541 234.062
717.139 218.969
757.604 203.558
799.039 188.265
841.387 172.187
884.646 155.789
929.026 139.112
974.317 122.004
1021.04 104.112
692.434 274.405
731.621 259.978
772.19 245.306
812.941 230.393
855.406 214.964
898.288 199.39
942.549 183.343
987.224 166.974
1033.76 149.907
706.723 313.914
745.837 299.998
785.996 285.938
827.052 271.611
868.937 256.898
911.575 241.924
955.424 226.627
1000.17 210.966
1045.99 194.7
720.782 353.122
759.919 339.735
799.711 326.268
840.697 312.454
882.185 298.299
924.729 283.967
968.194 269.357
1012.6 254.296
1058.04 238.761
734.792 391.507
773.412 378.839
813.463 365.69
853.805 352.661
895.336 338.965
937.412 325.329
980.676 311.272
1024.72 296.849
1069.75 282.06
748.167 429.747
787.007 417.26
826.489 405.095
866.875 392.311
907.927 379.249
950.146 365.988
992.696 352.418
1036.66 338.623
1081.39 324.512
