685.391 348.948
715.007 321.125
744.929 292.658
775.622 263.914
806.829 234.51
838.33 204.319
870.939 173.81
903.968 142.812
937.622 110.755
712.989 378.915
742.579 351.268
773.049 323.224
803.701 294.549
835.302 265.413
867.374 235.639
899.922 205.446
933.21 174.556
967.3 143.009
740.13 408.655
770.108 381.417
800.655 353.508
831.796 325.265
863.642 296.402
896.125 266.992
929.049 237.024
962.51 206.362
996.911 175.209
767.304 438.791
797.706 411.746
828.666 384.378
860.19 356.245
892.138 327.585
924.716 298.439
957.955 268.788
991.931 238.591
1026.56 207.551
794.677 468.698
825.2 442.176
856.453 414.769
888.213 387.207
920.474 358.815
953.345 330.033
986.89 300.689
1021.12 270.689
1056.11 240.091
821.821 499.035
852.574 472.474
884.174 445.688
916.244 418.218
948.669 390.2
982.064 361.615
1015.69 332.593
1050.38 302.87
1085.65 272.498
