1065.28 274.993
1024.67 302.169
985.188 328.494
946.621 354.511
908.843 379.781
871.407 404.626
835.117 428.923
799.453 452.979
764.454 476.215
1039.06 236.889
999.146 264.411
959.561 291.369
921.425 317.546
883.497 343.464
846.757 368.524
810.419 393.551
775.15 417.596
740.055 441.563
1013.29 199.04
973.319 227.061
934.246 254.32
896.026 281.004
858.629 307.244
821.781 332.881
785.83 357.994
750.558 382.725
716.06 406.819
987.271 160.919
947.497 189.416
908.486 217.317
870.687 244.263
833.33 270.912
796.841 296.875
761.048 322.511
726.034 347.523
691.748 372.189
960.834 123.02
921.44 151.747
882.674 180.069
845.137 207.47
808.021 234.539
771.829 260.987
736.278 286.811
701.528 312.469
667.446 337.249
934.672 84.7011
895.324 114.193
856.849 142.88
819.421 170.701
782.576 198.27
746.617 225.014
711.281 251.515
676.776 277.21
643.011 302.642
