1099.27 209.061
1074.28 249.807
1050.12 289.576
1026.67 328.678
1003.46 366.776
980.477 404.373
958.094 441.319
936.307 477.712
914.462 513.063
1059.98 187.822
1035.82 228.59
1011.79 268.779
988.827 307.867
965.769 346.55
943.468 384.165
921.358 421.712
899.73 457.833
878.234 493.997
1021.35 166.594
997.214 207.652
973.832 247.927
951.071 287.341
928.593 326.16
906.271 364.289
884.607 401.645
863.295 438.535
842.016 474.629
982.242 145.095
958.535 186.456
935.403 227.103
913.139 266.581
890.629 305.613
868.813 344.037
847.476 381.768
826.273 418.75
805.536 455.223
942.679 123.98
919.589 165.176
896.736 206.093
874.66 245.73
852.59 285.097
831.233 323.651
809.923 361.622
789.127 398.954
768.561 435.554
903.254 102.237
880.259 144.087
858.055 185.028
836.08 224.869
814.436 264.466
793.243 303.286
772.156 341.627
751.642 379.078
731.467 416.065
