787.992 434.071
787.043 393.984
786.097 353.348
785.464 312.121
784.356 270.4
782.657 227.993
781.784 185.142
780.905 141.71
779.478 97.7234
828.884 432.87
828.262 392.763
827.817 351.695
826.94 310.591
826.31 268.14
825.52 225.723
824.552 182.463
823.734 138.748
822.879 94.3202
869.911 431.92
869.509 391.552
869.281 350.522
868.912 308.665
868.675 266.3
868.176 223.42
867.747 179.825
867.057 135.772
866.586 90.9195
911.34 431.072
911.533 390.355
911.639 349.132
911.828 306.919
911.445 264.34
911.308 221.162
911.298 177.333
911.367 132.749
911.145 87.5211
953.125 429.865
953.799 389.185
954.115 347.381
954.63 305.391
954.941 262.328
955.26 218.833
955.611 174.66
955.908 129.708
956.269 84.0499
995.731 428.997
996.345 387.965
997.619 345.903
998.228 303.575
998.868 260.457
999.703 216.509
1000.26 171.933
1001.19 126.541
1002.01 80.3312
