998.682 113.244
996.53 158.702
994.632 203.461
993.018 247.666
991.082 291.458
988.922 335.076
986.863 378.206
985.19 420.836
982.836 462.889
954.025 113.633
952.453 158.515
950.686 203.534
949.124 247.371
947.495 291.568
945.839 334.676
944.29 378.033
942.415 420.302
940.6 462.877
910.09 113.765
908.566 158.712
907.257 203.332
906.049 247.347
904.675 291.244
903.101 334.659
901.778 377.531
900.354 420.04
898.621 462.363
866.084 113.78
864.804 158.664
863.589 203.319
862.717 247.116
861.404 290.965
860.207 334.341
859.182 377.244
857.829 419.752
856.567 461.909
821.947 114.284
820.97 158.667
820.097 203.253
819.204 246.908
818.277 290.704
817.334 333.897
816.252 376.987
815.245 419.56
814.103 461.593
777.952 114.156
777.143 158.966
776.67 203.128
775.804 246.83
775.075 290.45
774.318 333.689
773.396 376.798
772.564 419.212
771.956 461.314
