833.414 60.3368
858.566 101.523
883.412 141.991
908.033 181.517
931.826 220.785
955.124 259.82
977.909 298.216
1000.81 335.44
1022.54 372.396
793.299 89.1805
818.643 129.451
843.692 169.645
868.221 208.747
892.415 247.767
916.003 285.933
939.361 323.83
961.736 360.577
984.25 397.497
753.995 117.216
779.409 157.131
804.691 196.623
829.409 235.298
853.84 273.807
877.609 311.811
901.046 349
924.056 385.565
946.24 421.865
714.997 144.908
740.678 184.427
766.064 223.52
791.027 261.659
815.334 299.734
839.421 337.362
863.106 374.001
886.087 410.381
908.801 445.963
676.517 172.703
702.195 211.287
727.852 250.029
752.738 287.839
777.387 325.5
801.595 362.4
825.275 398.918
848.576 434.71
871.349 470.052
638.338 199.685
664.274 238.349
690.041 276.3
714.979 313.681
739.625 350.734
764.15 387.508
787.951 423.529
811.44 459.1
834.484 493.767
