1079.86 405.594
1039.4 395.079
999.262 384.73
959.123 374.274
919.193 363.957
879.072 353.692
839.373 343.52
799.686 333.359
760.337 323.458
1093.78 365.201
1052.98 355.022
1012.15 344.4
971.715 334.189
931.027 323.68
890.911 313.462
850.388 303.27
810.602 293.228
770.435 283.17
1108.33 324.569
1066.69 314.201
1025.52 303.743
984.374 293.368
943.467 282.978
902.538 272.715
861.922 262.582
821.344 252.535
781.159 242.592
1123.23 282.747
1081.04 272.358
1039.08 261.976
997.492 251.589
955.858 241.376
914.597 231.093
873.474 220.941
832.555 210.947
791.703 201.078
1138.18 239.87
1095.56 229.551
1052.89 219.324
1010.88 208.994
968.724 198.743
926.89 188.552
885.366 178.528
843.796 168.534
802.828 158.738
1154.33 195.672
1110.67 185.705
1067.45 175.383
1024.64 165.291
981.903 155.216
939.564 145.136
897.347 135.183
855.488 125.279
813.798 115.554
