1061.95 670.446
995.532 669.878
930.365 669.354
866.201 668.736
803.069 668.134
740.814 667.44
680.169 666.399
620.627 665.442
562.512 664.478
1061.47 606.231
995.356 606.332
929.564 606.259
865.777 606.351
801.904 606.22
740.045 606.078
678.606 605.856
619.212 605.584
560.495 605.277
1061.43 542.004
994.695 542.572
929.232 543.098
864.661 543.665
801.216 544.091
738.597 544.553
677.326 545.067
617.337 545.505
558.872 545.764
1060.94 477.02
994.024 478.23
928.331 479.367
863.689 480.418
800.026 481.525
737.372 482.606
675.881 483.68
615.794 484.778
557.111 485.848
1059.97 411.866
992.968 413.555
927.251 415.304
862.463 416.869
798.814 418.553
736.017 420.3
674.603 422.042
614.362 423.854
555.679 425.597
1058.95 346.422
991.892 348.788
925.956 350.957
861.197 353.249
797.318 355.556
734.465 357.885
673.071 360.359
612.74 362.69
553.928 365.269
