839.189 633.024
796.09 656.812
753.465 680.1
711.53 702.961
670.143 725.376
629.263 747.283
589.58 768.686
550.51 789.735
512.143 810.133
815.421 590.46
773.148 614.217
731.363 637.477
690.282 660.318
649.655 682.753
609.756 704.701
570.563 726.291
532.308 747.212
494.444 767.779
792.192 549.2
750.757 572.9
709.85 596.084
669.356 618.858
629.773 641.419
590.604 663.404
552 684.812
514.274 705.877
477.504 726.609
769.547 509.043
729.106 532.752
688.979 555.95
649.277 578.639
610.496 601.152
572.002 623.053
534.13 644.551
497.142 665.703
460.993 686.51
747.817 470.479
708.134 493.818
668.639 516.957
629.97 539.576
591.665 562.009
554.116 583.983
517.139 605.525
480.777 626.771
445.316 647.439
726.653 432.78
687.725 456.227
648.932 479.03
610.899 501.686
573.518 524.058
536.431 545.898
500.444 567.659
464.618 588.663
429.7 609.557
