656.37 770.198
613.693 743.337
572.832 717.635
533.65 692.866
496.135 669.064
459.983 646.199
426.148 624.369
393.412 603.366
362.11 583.219
675.75 722.923
632.313 696.98
590.533 671.778
550.746 647.92
512.405 624.71
475.948 602.636
440.965 581.443
407.735 561.241
375.667 541.59
695.546 674.929
651.28 649.567
608.681 625.317
567.671 602.076
529.124 579.673
491.734 558.319
455.834 537.88
421.714 518.395
389.634 499.624
715.687 625.598
670.591 601.04
627.227 577.564
585.365 555.162
546.046 533.672
507.909 513.128
471.386 493.478
436.732 474.745
403.828 456.747
736.623 574.934
690.45 551.395
646.074 528.831
603.775 507.287
563.41 486.676
524.647 466.99
487.721 448.238
452.461 430.329
418.867 413.169
757.708 523.352
710.635 500.74
665.142 479.104
622.014 458.489
580.886 438.86
541.27 420.072
504.03 402.2
467.837 385.139
433.59 368.861
