996.372 527.605
953.611 522.083
911.177 516.558
868.725 510.953
826.285 505.479
783.871 499.932
741.702 494.56
699.784 489.148
658.126 483.76
999.865 485.498
957.664 480.208
915.195 474.616
873.199 469.374
830.739 463.837
788.84 458.503
746.68 453.172
705.215 447.856
663.5 442.586
1003.55 444.15
961.369 438.873
919.353 433.516
877.392 428.1
835.372 422.857
793.497 417.602
751.809 412.318
710.35 407.107
669.057 402.194
1007.16 403.093
965.097 397.95
923.266 392.74
881.574 387.399
839.717 382.435
798.135 377.252
756.756 371.921
715.567 366.999
674.466 362.105
1010.03 362.86
968.752 357.722
926.823 352.575
885.663 347.409
843.974 342.375
802.747 337.383
761.582 332.395
720.508 327.505
679.91 322.693
1013.58 322.727
971.974 317.917
930.797 312.586
889.505 307.629
848.333 302.812
807.204 297.838
766.271 293.314
725.547 288.346
685.029 283.759
