908.526 495.922
861.593 498.437
816.188 500.728
772.204 503.083
729.654 505.259
688.301 507.365
648.82 509.439
610.536 511.513
573.585 513.349
906.62 448.703
860.157 452.076
814.878 455.227
771.391 458.287
728.875 461.266
688.151 464.067
648.454 466.86
610.531 469.579
573.501 472.161
904.802 402.294
858.55 406.416
813.661 410.289
770.119 413.959
728.256 417.814
687.493 421.408
648.021 424.706
610.021 428.167
573.557 431.521
902.779 356.229
856.915 361.215
812.32 365.839
769.07 370.244
727.514 374.739
686.973 379.02
647.723 383.169
609.939 387.196
573.583 391.295
900.737 311.182
855.384 316.62
810.881 321.968
768.268 327.174
726.613 332.29
686.486 337.31
647.664 342.062
610.095 346.825
573.961 351.396
898.844 266.217
853.534 272.637
809.442 278.507
766.917 284.445
725.758 290.276
685.722 295.763
647.388 301.544
609.915 306.689
573.86 312.088
