831.528 734.642
788.755 732.475
747.073 730.238
706.385 728.032
666.61 725.73
627.802 723.433
590.433 721.229
553.9 719.016
518.361 716.746
832.696 690.841
790.42 689.362
748.887 687.645
708.688 686.064
669.204 684.32
630.861 682.605
593.492 680.959
557.342 679.335
521.757 677.542
833.796 648.028
791.883 646.993
750.838 645.9
710.644 644.706
671.747 643.727
633.606 642.527
596.397 641.347
560.27 640.224
525.331 639.015
834.816 605.675
793.312 605.356
752.574 604.732
712.772 604.117
674.214 603.632
636.331 602.902
599.42 602.275
563.515 601.634
528.68 601.01
835.727 564.393
794.757 564.406
754.25 564.326
715.158 564.265
676.509 564.174
639.108 564.054
602.533 563.88
566.926 563.78
532.404 563.594
836.846 523.458
796.038 524.055
755.886 524.392
716.908 524.773
678.851 525.324
641.558 525.619
605.498 526.141
570.054 526.325
535.664 526.693
