798.744 602.661
756.543 615.375
715.533 627.728
675.677 639.715
636.889 651.305
599.13 662.499
562.902 673.116
527.65 683.609
493.399 693.525
782.828 559.806
740.954 573.279
699.889 586.18
660.379 598.751
621.572 610.952
584.262 622.628
547.828 634.181
512.87 645.099
478.566 655.702
766.867 516.988
725.057 530.981
684.352 544.583
644.643 557.889
606.41 570.587
568.992 582.991
532.734 595.091
497.681 606.825
463.976 617.872
750.753 473.854
709.204 488.478
668.53 502.707
629.045 516.673
590.986 529.97
553.792 543.078
517.631 555.77
482.811 568.028
449.191 579.829
734.558 430.572
693.299 445.778
652.721 460.724
613.722 475.196
575.549 489.257
538.653 502.877
502.87 516.116
468.209 529.053
434.751 541.406
718.384 387.075
677.182 403.005
636.79 418.616
597.818 433.701
560.063 448.421
523.217 462.711
487.786 476.502
453.254 490.033
419.89 503.1
