1069.44 623.498
1007.79 638.216
947.429 652.566
888.008 666.637
829.525 680.384
772.045 693.778
715.874 706.565
660.938 719.116
607.245 731.28
1052.31 563.764
991.505 578.943
931.16 593.857
872.532 608.438
813.956 622.757
757.231 636.569
701.01 650.221
646.538 663.31
592.768 676.145
1035.73 504.622
974.98 520.321
915.385 535.695
856.604 550.794
798.87 565.578
741.991 580.022
686.316 594.149
631.82 607.927
578.775 621.238
1018.84 445.673
958.506 461.91
899.194 477.744
840.881 493.304
783.503 508.603
727.018 523.577
671.603 538.235
617.552 552.556
564.709 566.558
1001.66 387.428
941.876 403.937
883.06 420.271
825.122 436.215
768.19 451.955
712.079 467.5
657.232 482.629
603.438 497.602
551.036 512.073
984.673 329.506
925.319 346.62
866.783 363.184
809.345 379.638
752.709 395.934
697.031 411.857
642.665 427.669
589.287 442.942
537.211 458.136
