999.637 552.853
955.633 582.709
911.714 612.479
867.749 642.152
823.778 671.601
779.837 700.941
736.137 729.821
692.708 758.513
649.61 786.837
968.856 508.983
925.334 538.785
881.249 568.584
837.664 598.205
793.56 627.771
750.017 657.003
706.346 686.223
663.297 714.845
620.127 743.468
938.633 465.436
894.909 495.27
851.243 524.976
807.556 554.646
763.848 584.206
720.198 613.558
676.82 642.719
633.775 671.699
591.004 700.189
908.199 421.96
864.565 451.748
820.996 481.47
777.522 511.08
733.978 540.616
690.524 570.057
647.33 599.281
604.467 628.262
561.89 656.943
877.426 379.015
834.309 408.503
790.835 438.194
747.589 467.689
704.237 497.251
660.983 526.717
618.065 555.893
575.345 584.99
533.144 613.672
847.166 335.999
804.036 365.609
760.809 395.12
717.654 424.628
674.531 454.216
631.535 483.594
588.846 512.89
546.393 541.885
504.37 570.788
