749.757 376.226
748.265 429.298
746.582 482.887
745.055 537.19
743.138 592.055
741.149 647.398
739.223 702.812
737.253 758.578
735.133 814.52
695.909 375.624
694.174 428.3
692.18 481.714
690.211 535.553
688.136 590.149
686.033 644.927
683.855 700.247
681.666 755.419
679.464 811.287
642.705 374.846
640.615 427.352
638.404 480.245
636.112 533.825
633.961 587.964
631.586 642.558
629.179 697.397
626.772 752.429
624.523 807.543
590.145 374.282
587.861 426.333
585.399 478.927
582.735 532.133
580.378 585.836
577.783 640.041
575.171 694.448
572.64 749.101
570.327 803.883
538.484 373.99
535.731 425.503
533.005 477.752
530.244 530.407
527.508 583.669
524.779 637.445
522.136 691.409
519.641 745.649
516.979 799.998
487.507 373.466
484.611 424.614
481.449 476.375
478.414 528.678
475.595 581.6
472.526 634.844
469.92 688.381
466.983 742.169
464.326 796.194
