496.813 400.249
539.71 435.379
582.524 470.601
625.354 505.609
667.829 540.671
710.202 575.562
752.244 609.925
793.763 643.966
834.864 677.708
463.188 443.154
505.629 477.821
548.254 512.873
590.503 547.412
632.975 582.162
674.927 616.434
716.861 650.613
757.989 684.145
799.227 717.674
429.966 485.179
472.309 519.602
514.456 554.115
556.482 588.569
598.62 622.588
640.471 656.715
681.874 690.49
723.063 723.773
763.893 756.522
397.452 526.544
439.483 560.613
481.362 594.746
522.971 628.844
564.78 662.502
606.337 696.219
647.514 729.562
688.435 762.558
729.152 794.828
366.03 567.089
407.355 600.82
448.955 634.624
490.271 668.249
531.654 701.583
572.88 734.677
613.814 767.56
654.629 800.053
694.802 832.121
334.739 606.81
376.079 640.2
416.989 673.756
457.949 707.025
499.091 739.838
539.873 772.828
580.719 804.963
621.027 837.365
661.24 868.929
