673.729 488.999
717.319 476.402
762.476 463.312
809.425 449.76
858.234 435.625
908.817 420.918
961.614 405.727
1016.21 389.876
1073.18 373.44
685.682 536.155
729.464 524.435
775.347 512.321
822.441 499.663
872.059 486.415
922.968 472.785
976.49 458.455
1031.31 443.65
1089.39 428.091
697.245 583.509
741.681 572.657
787.773 561.462
835.519 549.752
885.478 537.512
937.185 524.727
990.732 511.552
1046.53 497.677
1104.93 483.274
708.979 631.299
753.963 621.328
800.451 611.069
848.543 600.387
898.94 589.024
951.121 577.365
1005.24 565.176
1061.76 552.415
1120.79 539.028
721.226 679.104
766.146 670.272
813.099 660.881
861.72 651.258
912.388 640.92
965.086 630.255
1019.79 619.137
1077 607.401
1136.69 595.372
732.84 727.437
778.469 719.328
825.525 711.189
874.63 702.429
925.808 693.189
979.028 683.578
1034.36 673.377
1092.13 663.093
1152.68 652.156
