487.634 537.739
484.077 488.955
480.42 439.401
476.904 388.906
473.153 337.668
469.417 285.515
466.045 232.803
462.446 179.539
458.766 125.536
535.859 537.491
532.537 488.311
529.492 438
526.192 387.316
522.932 335.214
519.684 282.745
516.421 229.258
513.098 175.602
509.73 120.691
584.652 537.491
581.959 487.656
579.282 437.024
576.287 385.529
573.627 333.014
570.603 279.887
567.575 226
564.562 171.462
561.674 116.344
634.647 537.43
632.458 486.965
630.07 435.89
627.637 383.782
625.281 330.819
622.708 277.133
620.114 222.637
617.39 167.619
614.874 111.795
685.702 536.963
683.985 486.396
682.02 434.615
680.167 382.156
678.115 328.72
676.024 274.441
673.811 219.559
671.568 163.804
669.303 107.472
737.685 536.894
736.406 485.738
735.084 433.686
733.431 380.578
731.885 326.636
730.014 271.825
728.348 216.407
726.413 160.159
724.602 103.089
