166.909 722.623
167.138 672.268
167.312 622.554
167.776 573.624
168.104 525.49
168.552 477.873
169.359 431.504
170.121 385.721
170.86 341.036
219.641 719.249
219.31 669.59
219.204 620.496
219.012 572.379
219.011 524.558
219.159 477.727
219.375 431.632
219.685 386.603
220.087 342.175
270.94 716.167
270.045 666.969
269.494 618.598
268.981 570.762
268.597 523.788
268.307 477.499
268.138 431.798
267.989 387.219
268.075 343.474
321.11 712.979
319.816 664.525
318.821 616.65
317.961 569.505
317.128 523.116
316.397 477.289
315.897 432.127
315.489 387.864
315.156 344.55
369.882 709.813
368.457 662.211
367.055 614.732
365.828 568.31
364.661 522.341
363.602 477.068
362.678 432.515
361.772 388.822
361.171 345.913
417.905 706.911
415.983 659.703
414.432 612.982
412.769 566.881
411.294 521.571
409.861 476.598
408.444 432.829
407.347 389.465
406.175 347.129
