925.391 365.704
870.371 363.988
816.247 362.242
763.112 360.56
710.832 359.031
659.531 357.597
609.588 356.351
560.714 355.227
513.02 354.051
927.677 311.604
872.852 310.444
818.658 309.243
765.805 308.161
713.45 307.19
662.425 306.294
612.327 305.571
563.608 304.921
515.75 304.355
930.159 257.892
875.242 257.382
821.267 256.641
768.194 255.943
716.173 255.705
665.119 255.359
615.106 254.98
566.225 254.852
518.65 255.058
932.495 204.295
877.494 204.417
823.616 204.337
770.704 204.047
718.804 204.427
667.789 204.577
617.879 204.7
569.204 205.223
521.594 205.875
934.489 151.43
879.845 151.704
825.958 152.311
773.299 152.675
721.452 153.395
670.52 154.205
620.861 155.041
572.185 156.175
524.694 157.179
936.964 98.078
882.135 99.4653
828.35 100.205
775.617 101.367
723.945 102.676
673.162 103.89
623.62 105.599
575.054 106.731
527.576 108.49
