739.191 197.788
784.093 196.659
828.849 195.534
874.171 194.414
919.355 193.471
964.863 192.384
1010.46 191.496
1056.31 190.372
1102.37 189.266
740.01 243.449
784.392 242.245
829.09 241.47
873.658 240.387
918.767 239.573
963.734 238.748
1009.07 237.76
1054.26 237.066
1100.19 235.894
740.567 288.128
784.669 287.24
828.954 286.364
873.514 285.558
918.137 284.872
962.764 284.093
1007.68 283.441
1052.58 282.666
1097.6 281.776
741.084 332.531
784.923 331.653
828.936 331.061
873.112 330.302
917.292 329.576
961.732 329.118
1006.27 328.467
1050.65 327.734
1095.29 327.176
741.75 376.325
785.077 375.586
828.894 375.058
872.578 374.489
916.554 373.8
960.503 373.358
1004.5 372.873
1048.54 372.224
1092.75 371.646
742.126 419.634
785.302 419.101
828.69 418.589
872.217 418.087
915.662 417.521
959.409 417.192
1002.83 416.607
1046.67 416.157
1090.56 415.558
