234.967 171.749
277.117 175.761
318.799 179.608
360.319 183.503
401.586 187.348
442.68 191.272
483.557 195.242
524.057 199.004
564.391 203.079
232.828 213.736
274.619 217.425
316.327 221.262
357.556 224.803
398.841 228.521
439.765 232.204
480.69 235.958
520.951 239.744
561.485 243.578
230.557 255.287
272.256 258.812
313.657 262.354
354.794 265.812
396.05 269.467
436.931 273.001
477.638 276.51
518.027 280.08
558.352 283.84
228.12 296.614
269.828 299.982
311.146 303.526
352.238 306.838
393.241 310.315
434.123 313.731
474.634 317.138
515.096 320.608
555.25 324.093
226.297 337.798
267.298 341.184
308.869 344.451
349.578 347.767
390.718 351.069
431.207 354.303
471.826 357.715
512.205 361.057
552.186 364.448
223.749 379.056
265.281 382.169
306.14 385.339
347.084 388.546
387.867 391.686
428.591 394.942
468.983 398.116
509.301 401.385
549.242 404.465
