709.146 287.128
748.151 269.201
787.395 251.304
826.804 233.324
866.529 215.223
906.477 196.92
946.513 178.849
986.865 160.459
1027.5 141.856
726.647 325.947
765.573 308.246
805.118 290.428
844.392 272.584
884.358 254.567
924.146 236.674
964.443 218.452
1004.59 200.383
1045.53 181.761
744.004 364.743
783.17 347.138
822.509 329.474
862.133 311.645
901.827 293.98
941.878 276.042
982.155 258.022
1022.56 239.825
1063.17 221.726
761.337 403.726
800.582 386.288
840.073 368.72
879.713 351.086
919.441 333.444
959.507 315.657
999.772 297.722
1040.22 279.751
1080.89 261.652
778.772 442.728
817.844 425.466
857.543 408.009
897.066 390.613
937.013 372.986
977.016 355.369
1017.22 337.686
1057.59 319.771
1098.35 301.862
795.932 481.935
835.293 464.694
874.858 447.471
914.559 430.105
954.381 412.607
994.578 395.02
1034.66 377.455
1075.27 359.699
1116.03 341.747
