591.856 256.26
558.902 274.022
525.681 292.06
492.075 310.414
458.166 328.945
423.616 347.785
389.078 366.852
354.263 386.292
319.141 405.632
573.931 221.302
540.826 239.103
506.963 257.059
473.117 275.361
438.47 293.948
403.842 312.682
368.664 331.929
333.602 351.054
297.741 370.634
556.073 186.079
522.293 203.719
488.256 221.618
453.725 239.869
418.906 258.449
383.6 277.244
348.195 296.223
312.456 315.589
276.423 335.014
537.701 150.008
503.597 167.657
468.996 185.562
434.247 203.678
398.782 222.258
363.154 240.909
327.219 259.98
290.997 279.181
254.434 298.733
518.858 113.524
484.442 130.916
449.454 148.776
414.218 166.796
378.386 185.3
342.305 203.992
305.876 222.883
269.098 242.254
232.107 261.544
499.927 75.9407
464.928 93.5527
429.555 111.169
393.831 129.24
357.575 147.662
321.004 166.29
284.044 185.229
246.74 204.271
209.071 223.701
