833.296 460.858
848.624 419.019
864.206 376.977
879.816 334.732
895.463 292.216
911.128 249.347
926.756 206.529
942.529 163.421
958.456 120.045
875.217 475.815
890.732 434.163
906.501 391.995
922.129 349.922
937.959 307.151
953.715 264.588
969.661 221.449
985.603 178.494
1001.84 134.654
916.853 490.767
932.544 449.066
948.484 407.126
964.436 364.818
980.298 322.408
996.301 279.526
1012.57 236.503
1028.81 193.168
1045.13 149.629
958.619 505.896
974.51 464.21
990.513 422.26
1006.8 380.055
1022.67 337.531
1039.05 294.676
1055.51 251.616
1071.98 208.306
1088.64 164.494
1000.23 520.711
1016.34 479.356
1032.58 437.296
1048.91 395.307
1065.29 352.664
1081.63 309.982
1098.38 266.836
1114.99 223.423
1132.4 179.534
1041.89 536.016
1058.09 494.408
1074.86 452.576
1091.38 410.443
1107.84 368.013
1124.81 324.999
1141.44 282.013
1158.92 238.395
1176.48 194.311
