584.391 184.992
564.503 220.093
544.465 255.25
524.618 290.831
504.59 326.399
484.233 362.271
464.119 398.327
444.286 434.582
424.021 470.588
549.185 162.488
529.206 197.772
508.755 233.495
488.613 269.118
468.114 305.293
447.808 341.323
427.462 377.945
407.2 414.125
386.737 450.897
513.652 139.487
493.155 175.238
472.578 211.066
452.085 247.208
431.55 283.647
410.718 320.304
390.205 356.812
369.704 393.685
349.053 430.578
477.198 115.993
456.519 152.127
435.697 188.475
414.964 224.821
393.903 261.611
372.895 298.477
352.181 335.504
331.268 372.606
310.585 410.003
439.875 92.2418
418.946 128.502
397.816 165.199
376.759 201.951
355.537 239.063
334.44 276.343
313.253 313.652
292.19 351.377
271.163 388.747
401.892 67.4488
380.56 104.419
359.239 141.417
337.957 178.644
316.479 216.091
295.039 253.627
273.604 291.514
252.182 329.253
231.021 367.329
