516.291 116.723
514.644 159.422
512.984 201.736
511.711 243.855
510.116 285.583
508.388 327.384
506.9 368.792
505.8 409.907
504.245 450.573
474.083 112.566
472.702 155.517
471.126 198.513
469.713 240.882
468.262 283.453
466.892 325.332
465.772 367.379
464.44 408.485
463.32 449.867
431.308 108.166
429.878 151.739
428.577 195.075
427.356 237.96
426.187 280.842
424.789 323.489
423.754 365.504
422.832 407.344
421.742 448.887
387.432 103.665
386.389 147.869
385.248 191.688
384.291 235.121
382.983 278.351
381.876 321.387
381.072 363.758
380.12 406.051
379.531 447.984
342.745 99.4144
341.83 143.858
340.893 188.302
339.96 232.095
339.089 275.815
338.321 319.259
337.473 362.132
336.902 405.003
336.258 447.08
297.084 94.6267
296.405 139.889
295.87 184.825
295.157 229.177
294.476 273.326
293.674 317.091
293.171 360.624
292.631 403.515
292.506 446.211
