1002.24 531.104
973.428 499.315
944.561 467.388
915.442 435.243
886.03 403.018
856.467 370.687
826.653 338.449
796.86 306.188
766.932 273.895
1034.28 501.3
1005.56 469.481
976.607 437.371
947.535 405.359
918.137 372.921
888.703 340.597
858.88 308.236
829.21 275.989
799.179 243.479
1066.24 471.695
1037.5 439.758
1008.61 407.639
979.633 375.378
950.227 343.049
920.718 310.652
891.183 278.165
861.429 245.748
831.37 213.424
1098.53 441.9
1069.66 409.86
1040.72 377.672
1011.79 345.391
982.359 313.132
952.91 280.579
923.469 248.071
893.654 215.562
863.601 183.271
1130.46 412.063
1101.89 380.093
1072.84 347.667
1043.91 315.481
1014.58 282.922
985.17 250.588
955.581 217.951
925.672 185.668
895.899 153.12
1163.28 382.149
1134.14 350.048
1105.49 317.628
1076.32 285.3
1046.99 252.909
1017.58 220.222
987.786 187.892
958.263 155.194
928.362 122.661
