387.808 115.633
416.294 150.533
444.168 184.743
471.713 218.272
498.624 251.258
525.018 283.912
550.945 315.995
576.797 347.166
601.583 378.118
354.771 141.558
383.861 176.492
412.313 210.86
440.13 244.374
467.684 277.597
494.586 310.016
521.277 342.1
547.083 373.273
572.766 404.308
321.467 167.954
350.986 202.928
379.846 237.252
408.4 270.823
436.385 303.967
463.936 336.638
490.91 368.499
517.483 399.747
543.446 430.724
287.501 194.733
317.627 229.845
347.213 264.198
376.229 297.724
404.539 330.964
432.587 363.648
460.185 395.387
487.245 426.81
513.751 457.514
253.127 222.327
283.677 257.167
313.894 291.715
343.293 325.288
372.326 358.506
400.895 390.942
428.819 422.957
456.499 454.31
483.413 484.969
218.004 250.085
249.335 285.281
280.241 319.53
310.194 353.2
339.63 386.341
368.76 418.865
397.302 450.878
425.356 482.166
452.918 512.737
