1100.5 436.963
1057.69 430.474
1015.26 423.869
972.822 417.286
930.471 410.734
888.175 404.304
845.94 397.888
804.031 391.533
762.217 385.315
1107 394.371
1064.25 388.114
1021.54 381.481
979.306 375.151
936.728 368.578
894.546 362.277
852.258 355.964
810.453 349.708
768.403 343.49
1113.57 352.191
1070.68 345.919
1027.99 339.441
985.652 332.946
943.174 326.74
900.782 320.452
858.723 314.15
816.718 307.998
774.812 302.065
1120.34 309.705
1077.16 303.596
1034.41 297.292
991.892 290.944
949.432 284.837
907.114 278.604
864.988 272.396
823.036 266.375
781.157 260.561
1126.52 267.448
1083.67 261.354
1040.58 255.266
998.241 249.019
955.541 243.005
913.374 236.915
871.23 230.947
829.132 225.169
787.479 219.326
1133.48 224.744
1089.87 219.125
1047.21 212.863
1004.42 207.072
961.9 201.136
919.527 195.198
877.364 189.55
835.444 183.621
793.576 178.086
