1073.76 540.671
1075.23 525.761
1076.34 511.123
1077.62 496.527
1078.63 482.02
1079.96 467.71
1080.95 453.566
1082.3 439.435
1083.3 425.573
1090.75 541.344
1091.93 526.171
1093.03 511.575
1094.23 496.596
1095.35 482.357
1096.49 467.65
1097.58 453.61
1098.6 439.031
1099.71 425.422
1107.57 541.694
1108.91 526.583
1109.97 511.687
1110.97 496.803
1111.99 482.246
1113.21 467.586
1114.24 453.281
1115.19 438.846
1116.38 424.793
1125.15 542.185
1126.09 527.042
1127.14 511.96
1128.25 497.099
1129.18 482.329
1130.25 467.65
1131.1 453.036
1132.33 438.57
1133 424.426
1142.61 542.789
1143.71 527.592
1144.63 512.372
1145.7 497.358
1146.62 482.49
1147.59 467.608
1148.54 453.023
1149.4 438.54
1150.3 424.12
1160.73 543.387
1161.6 527.774
1162.51 512.579
1163.54 497.405
1164.39 482.425
1165.25 467.551
1166.19 452.826
1166.95 438.034
1167.79 423.718
