1044.17 461.461
1061.2 461.245
1078.72 460.793
1096.49 460.479
1114.55 460.146
1132.99 459.757
1151.94 459.419
1170.93 458.937
1190.53 458.512
1043.91 478.125
1061.16 477.862
1078.44 477.623
1096.53 477.361
1114.41 477.312
1132.93 476.984
1151.59 476.763
1170.83 476.546
1190.31 476.217
1043.76 494.241
1060.73 494.295
1078.44 494.149
1096.07 494.094
1114.31 493.975
1132.59 493.959
1151.57 493.812
1170.51 493.714
1190.2 493.692
1043.4 510.924
1060.7 510.823
1078.15 510.897
1096.02 510.938
1113.97 511.036
1132.53 511.111
1151.02 511.108
1170.44 511.149
1189.82 511.26
1043.37 527.24
1060.47 527.458
1078.02 527.643
1095.71 527.841
1113.81 528.042
1132.26 528.224
1150.96 528.46
1170.12 528.56
1189.69 528.745
1042.91 543.727
1060.39 543.914
1077.72 544.206
1095.51 544.679
1113.45 544.911
1132.08 545.252
1150.57 545.613
1169.94 545.908
1189.27 546.274
