1067.62 410.809
1083.9 410.537
1099.57 409
1116.13 408.86
1132.83 401.84
1149.44 407.585
1166.66 400.186
1183.93 405.738
1201.77 398.539
1067.6 411.076
1083.87 410.716
1099.53 409.363
1116.09 409.203
1132.15 407.711
1149.39 407.872
1166.2 406.079
1183.9 406.098
1201.29 404.373
1066.68 424.09
1082.31 423.117
1098.53 422.624
1114.72 421.468
1131.51 421.601
1148.35 420.075
1165.47 420.122
1182.89 418.434
1200.77 418.623
1065.03 435.395
1081.46 436.233
1097.21 434.745
1113.95 434.083
1130.29 432.762
1147.59 433.385
1164.55 431.504
1182.56 431.438
1200.04 437.082
1064.16 448.428
1080.14 446.693
1096.32 447.613
1112.35 453.29
1129.53 446.454
1146.32 452.42
1164.05 444.689
1181.4 451.483
1199.82 442.872
1062.6 462.167
1078.58 462.519
1095.15 460.844
1111.19 465.87
1128.18 465.831
1145.3 464.982
1162.76 465.403
1180.54 464.356
1198.84 464.309
