823.718 180.711
822.652 238.039
821.672 295.537
820.587 353.189
819.427 411.029
818.111 469.048
816.313 526.931
814.647 584.599
812.875 642
768.487 175.866
767.578 233.648
766.333 291.87
765.254 349.966
763.926 408.679
762.585 467.269
761.151 525.94
759.564 584.186
757.862 642.583
712.409 170.646
711.067 229.292
709.938 287.925
708.829 346.808
707.409 406.144
705.923 465.589
704.806 524.865
703.398 583.902
701.595 642.799
654.661 165.641
653.364 224.842
651.963 284.207
650.968 343.751
649.333 403.72
648.003 463.745
646.672 523.71
645.415 583.589
643.832 643.088
595.496 160.974
594.091 220.595
592.755 280.549
591.307 340.724
589.864 401.229
588.549 461.916
587.211 522.502
585.896 583.084
584.572 643.141
535.31 156.092
533.731 216.438
532.263 276.934
530.865 337.789
529.358 398.94
528.077 460.245
526.479 521.515
525.485 582.563
524.2 643.406
