800.167 838.075
753.845 798.787
708.595 759.997
664.439 722.079
620.842 684.714
578.458 648.246
537.074 612.708
496.748 578.161
457.599 544.258
834.5 794.138
788.694 755.846
744.131 718.536
700.225 681.753
657.279 645.763
615.223 610.392
574.24 575.976
534.297 542.364
495.326 509.535
867.259 751.52
822.149 714.797
778.012 678.523
734.86 642.781
692.24 608.174
650.592 573.931
610.129 540.238
570.44 507.602
531.741 476.104
898.76 710.763
854.121 675.179
810.552 640.178
767.946 605.396
725.787 571.952
684.686 538.665
644.521 506.194
605.287 474.507
566.788 443.991
928.308 671.717
884.726 637.262
841.637 603.144
799.594 569.83
758.049 537.044
717.413 505.069
677.589 473.659
638.591 443.151
600.664 413.309
957.179 634.211
913.802 600.815
871.674 567.543
829.973 535.171
789.02 503.624
748.78 472.316
709.318 442.397
670.939 412.359
633.213 383.585
