822.56 648.153
782.741 675.989
742.415 704.322
701.378 732.948
659.579 761.955
617.252 791.288
574.341 820.614
531.07 850.329
487.364 880.35
796.781 606.628
756.797 634.374
715.738 662.494
674.401 690.908
632.032 719.802
589.344 748.863
545.984 778.421
502.51 807.887
458.092 837.881
771.029 564.736
730.366 592.292
689.077 620.213
647.237 648.613
604.471 677.32
561.271 706.334
517.641 735.731
473.637 765.377
429.049 794.998
744.814 522.376
703.63 549.72
661.95 577.473
619.63 605.673
576.527 634.171
532.911 663.125
488.925 692.361
444.417 721.873
399.562 751.525
717.857 479.662
676.618 506.602
634.449 534.218
591.74 562.085
548.336 590.475
504.32 619.286
459.968 648.26
414.962 677.734
369.905 707.243
691.164 436.424
649.268 463.335
606.838 490.554
563.735 518.343
519.88 546.537
475.519 575.19
430.718 603.996
385.549 633.308
340.008 662.792
