892.708 593.956
858.938 632.655
824.985 671.527
790.86 710.49
756.443 749.563
721.748 788.569
687.085 827.372
652.479 866.149
617.832 904.792
854.323 559.595
820.598 598.35
786.336 637.154
752.095 676.078
717.44 715.19
682.787 754.172
647.994 793.217
613.441 831.907
578.559 870.758
816.005 525.265
781.947 563.868
747.715 602.702
713.329 641.707
678.579 680.768
643.769 719.812
609.013 758.888
574.3 797.843
539.556 836.551
777.438 490.666
743.246 529.38
708.825 568.162
674.34 607.18
639.552 646.109
604.602 685.272
569.789 724.356
535.01 763.37
500.321 801.99
738.426 456.218
704.265 494.605
669.745 533.42
635.1 572.18
600.279 611.282
565.391 650.398
530.565 689.38
495.686 728.484
461.116 767.127
699.644 421.544
665.254 460.088
630.631 498.652
595.908 537.526
561.072 576.51
526.138 615.661
491.303 654.622
456.476 693.666
421.785 732.489
