542.967 368.142
571.193 407.211
599.507 446.412
627.933 485.664
656.412 525.14
684.744 564.743
712.911 604.068
741.188 643.245
769.162 682.33
503.353 394.691
531.837 434.088
560.315 473.77
588.985 513.418
617.622 553.329
646.311 593.12
674.932 632.827
703.364 672.277
731.732 711.865
463.291 421.643
491.792 461.584
520.504 501.56
549.413 541.645
578.306 581.811
607.251 622.062
636.238 662.045
665.045 701.917
693.605 741.64
422.344 449.201
451.164 489.514
480.033 529.862
509.253 570.287
538.217 610.881
567.459 651.434
596.605 691.809
625.82 731.91
654.743 771.946
380.918 477.466
409.725 517.96
438.904 558.768
468.066 599.5
497.479 640.43
526.917 681.163
556.291 721.799
585.768 762.337
614.964 802.538
338.645 505.937
367.84 546.949
397.151 587.991
426.617 629.134
456.141 670.377
485.898 711.484
515.429 752.52
545.216 793.247
574.764 833.844
