421.468 446.311
465.836 469.432
510.054 492.459
554.237 515.409
598.167 538.348
641.928 561.265
685.083 583.799
728.017 606.079
770.338 628.249
397.806 490.325
442.481 513.392
487.052 536.581
531.398 559.517
575.707 582.534
619.641 605.251
663.429 627.809
706.386 650
749.421 672.288
373.935 534.659
418.928 557.931
463.655 581.045
508.427 604.126
552.957 626.916
597.355 649.738
641.285 672.226
684.86 694.492
727.819 716.335
349.949 579.649
395.19 602.855
440.298 626.043
485.288 648.991
530.037 671.85
574.6 694.596
618.927 717.02
662.748 739.138
706.194 760.941
326.017 624.881
371.237 648.21
416.725 671.386
461.731 694.348
506.928 717.183
551.703 739.69
596.26 762.089
640.406 784.032
684.028 805.841
301.586 670.694
347.319 693.9
392.879 717.12
438.325 740.093
483.628 762.85
528.741 785.439
573.492 807.602
617.865 829.624
661.896 851.305
