335.437 369.879
399.41 368.704
463.047 367.859
526.206 367.118
588.89 366.549
650.866 366.19
711.803 365.657
771.729 365.474
830.669 365.391
340.599 430.831
402.845 429.615
465.375 428.489
526.763 427.471
588.502 426.458
648.756 425.696
708.818 424.941
767.235 424.248
825.399 423.707
345.289 489.227
406.502 487.614
467.346 486.268
527.763 485.299
587.786 483.734
647.124 482.666
705.727 481.818
763.319 480.806
819.839 479.594
350.044 545.265
409.967 543.329
469.487 541.805
528.606 540.66
587.202 538.816
645.369 537.539
702.634 536.365
759.111 535.003
814.45 533.415
355.108 598.29
413.289 596.721
471.678 594.962
529.317 593.421
586.693 591.645
643.491 589.859
699.601 588.242
754.747 586.417
809.105 584.712
359.42 649.693
416.777 647.516
473.63 646.152
530.194 644.392
586.231 642.22
641.945 640.509
696.633 638.097
750.9 636.468
804.052 634.272
