995.727 660.35
935.95 660.487
875.848 660.59
815.439 660.664
754.528 660.663
693.509 660.71
632.257 660.353
571.358 660.121
510.476 659.875
997.744 600.051
937.854 600.126
877.233 599.992
816.759 599.977
755.279 599.885
694.018 599.738
632.275 599.668
571.082 599.52
509.609 599.374
1000.07 539.46
939.565 539.268
878.807 539.025
817.851 538.933
756.122 538.642
694.381 538.463
632.465 538.408
570.731 538.355
509.139 538.113
1002.16 477.933
941.092 477.624
880.149 477.355
818.751 476.938
756.889 476.665
694.691 476.451
632.685 476.33
570.463 476.238
508.636 476.27
1003.42 415.875
942.452 415.423
881.162 414.949
819.528 414.453
757.495 414.065
695.092 413.838
632.718 413.685
570.317 413.752
508.217 413.794
1005.06 353.489
943.597 352.895
882.292 352.107
820.302 351.637
757.979 351.316
695.341 350.91
632.736 350.858
570.185 350.802
507.813 351.022
