752.959 618.489
717.032 621.261
678.614 624.355
637.2 627.468
592.59 630.836
544.475 634.626
491.896 638.225
435.382 642.445
374.178 646.874
758.989 565.818
723.345 566.932
684.604 567.759
643.457 568.926
598.282 569.909
550.229 571.176
497.335 572.516
441.044 573.854
378.9 575.442
765.741 512.928
729.598 511.912
691.143 510.818
649.961 509.765
604.636 508.413
556.108 507.24
503.946 505.923
447.086 504.522
384.82 502.896
772.24 459.297
736.013 456.211
697.476 453.013
656.402 449.707
610.883 446.151
562.466 442.328
510.244 438.18
453.124 433.996
390.655 429.157
777.857 404.968
742.203 400.001
703.646 394.695
662.219 389.056
617.364 383.008
568.695 376.582
516.094 369.724
458.723 362.408
396.64 354.446
784.339 350.319
748.384 343.462
710.399 335.801
669.023 327.916
623.894 319.465
575.602 310.483
522.454 300.81
465.649 290.346
403.107 278.993
