970.583 660.884
903.182 659.578
840.271 658.103
782.057 656.851
727.42 655.576
676.532 654.38
629.63 653.092
585.618 651.884
544.347 650.753
966.655 588.953
899.001 590.162
836.518 591.452
778.223 592.465
723.782 593.47
673.215 594.27
625.94 595.219
581.97 595.853
540.591 596.541
961.797 516.72
894.926 520.787
832.19 524.484
773.835 528.072
719.905 531.373
669.368 534.364
621.776 537.291
577.749 539.943
537.049 542.456
957.22 444.464
890.166 451.349
827.969 457.652
769.468 463.535
716.074 469.137
665.315 474.297
618.094 479.214
574.135 483.776
533.435 488.155
952.453 372.476
885.577 381.894
823.372 390.82
765.699 399.05
711.923 406.833
661.639 414.269
614.795 421.192
571.093 427.734
530.25 433.811
947.308 300.551
880.663 312.904
818.545 324.224
760.854 334.842
707.612 345.023
657.238 354.454
611.165 363.483
567.193 371.762
526.61 379.828
