742.322 846.565
702.812 815.913
662.198 784.407
620.48 751.697
577.389 718.087
533.036 683.594
487.522 647.661
441.212 610.983
393.592 573.468
775.422 802.094
736.724 771.23
696.705 738.883
655.802 706.025
613.239 671.777
569.804 636.668
524.968 600.526
479.415 563.563
432.435 525.466
808.315 758.529
770.042 726.864
730.907 694.391
690.687 660.948
648.837 626.239
606.088 590.676
562.327 554.244
517.325 516.851
471.125 478.472
840.68 715.145
803.076 682.998
764.636 650.055
725.267 616.153
684.001 581.118
641.988 545.182
599.057 508.376
554.839 470.586
509.398 432.036
871.971 671.883
835.551 639.596
797.656 606.195
758.89 571.831
718.701 536.519
677.437 500.215
635.115 463.039
591.5 424.974
547.105 386.217
903.488 629.485
867.269 596.737
830.609 562.935
792.431 528.331
752.891 492.642
712.521 456.038
670.606 418.682
628.183 380.351
584.41 341.382
