848.513 604.304
806.647 642.224
763.984 680.632
720.865 719.398
676.926 758.648
632.52 798.11
587.693 837.743
542.739 877.522
497.295 917.646
810.692 560.761
768.555 598.562
725.644 636.566
682.192 675.152
638.029 713.991
593.441 753.358
548.52 792.757
503.346 832.528
457.685 872.287
772.88 517.431
730.465 554.739
687.334 592.572
643.664 630.806
599.323 669.543
554.551 708.521
509.427 747.874
464.136 787.366
418.49 826.945
735.097 473.945
692.278 511.073
649.005 548.509
605.106 586.488
560.647 624.842
515.612 663.702
470.48 702.677
424.94 741.999
379.376 781.414
696.924 430.89
654.209 467.369
610.612 504.592
566.575 542.085
521.995 580.265
476.975 618.72
431.685 657.518
386.251 696.592
340.443 735.771
659.261 387.769
616.109 424.09
572.499 460.659
528.257 497.959
483.565 535.791
438.389 574.046
393.167 612.521
347.456 651.308
301.747 690.298
