994.632 633.744
938.806 656.978
884.689 679.603
832.062 701.498
780.934 722.465
731.042 742.898
682.972 762.034
636.448 780.861
591.494 798.811
970.005 584.806
914.165 609.225
859.216 632.826
806.526 655.626
754.598 677.786
704.724 698.901
656.216 719.599
609.653 739.203
564.143 758.273
945.043 534.778
888.339 560.101
833.293 584.829
779.811 609.046
727.919 631.856
677.432 654.315
628.804 676.107
581.783 697.079
536.484 716.603
918.85 482.845
861.784 509.331
806.138 535.177
752.412 560.565
700.108 584.537
649.434 608.174
600.467 631.094
553.318 652.884
507.795 673.764
891.535 428.903
834.075 456.835
778.289 483.98
723.995 510.296
671.534 535.678
620.575 560.465
571.559 584.169
524.168 607.216
478.673 629.21
863.402 373.799
805.497 402.863
749.165 431.538
694.691 458.966
641.938 485.721
590.818 511.642
541.532 536.365
494.156 560.65
448.506 583.946
