713.934 812.161
682.238 782.718
648.686 751.879
613.544 719.047
576.289 684.635
536.926 648.312
495.647 609.431
452.129 568.776
406.447 525.906
755.314 776.254
724.495 746.132
691.984 713.829
657.918 680.346
621.512 644.359
583.491 606.725
542.929 566.594
500.785 524.768
455.87 480.234
796.929 740.738
766.985 709.236
735.632 676.199
702.508 641.311
667.315 604.048
630.143 565.084
591.151 524.136
549.897 480.672
506.143 434.723
838.896 704.597
809.844 671.907
779.486 637.747
747.627 601.781
713.261 563.389
677.37 523.197
639.65 480.775
599.362 436.201
557.013 388.706
880.333 667.643
852.707 634.311
823.319 598.885
792.467 561.717
759.621 522.399
724.775 480.764
688.107 437.088
649.076 390.916
608.097 342.496
922.513 630.975
895.565 596.538
867.774 560.091
837.805 521.84
806.002 481.233
772.567 438.668
736.712 393.531
699.384 346.324
659.629 296.176
