861.136 547.573
822.546 583.472
782.309 620.713
740.322 659.335
696.566 699.628
651.074 741.148
603.467 784.597
554.564 829.006
503.563 875.353
818.606 507.381
779.608 542.184
739.076 578.01
696.73 615.588
652.683 654.3
606.728 694.656
559.298 736.301
509.913 779.44
458.982 823.83
777.051 468.066
737.765 501.662
696.811 536.424
654.383 572.227
609.796 610.088
563.826 648.935
516.042 688.923
466.854 730.548
415.754 773.759
736.559 429.567
696.761 462.295
655.599 495.768
612.843 530.277
568.324 566.896
522.076 604.415
474.457 642.837
424.965 683.156
374.101 724.798
696.549 392.847
656.852 423.826
615.392 456.369
572.5 489.756
527.764 524.841
481.688 561.144
433.853 598.596
384.68 637.438
333.631 677.555
657.927 356.51
617.845 386.835
576.365 417.537
533.253 450.048
488.673 483.829
442.373 518.724
394.89 555.311
345.347 592.489
294.759 631.157
